0,2,281.0258,183.8779,531.7845,293.4544,7.4205,1.4567,1.4848,3.6903,-3.2461,1.6645,11.7910,-3.9282,-3.6643
1,2,215.1741,186.5063,484.7108,302.7489,6.9882,1.4162,1.4909,3.6165,-3.8860,1.6603,11.0684,-3.9821,-3.6511
2,2,130.9475,186.4122,437.4572,316.5151,5.5858,1.4385,1.5251,3.6913,-4.5001,1.6674,10.2880,-4.0275,-3.6239
3,2,36.9347,187.5840,383.1943,332.4159,6.2212,1.4383,1.5598,3.6763,-5.0792,1.6718,9.5064,-4.0831,-3.6034
4,2,0.0000,189.4741,325.2504,354.2386,5.5369,1.4228,1.5727,3.7720,-5.6100,1.6680,8.6469,-4.1374,-3.5755
5,2,0.0000,190.9597,248.0619,374.0000,4.9798,1.4042,1.5797,3.6811,-6.1868,1.6499,7.8176,-4.1813,-3.5281
5,2,1167.0760,179.7657,1241.0000,222.8905,-1.8170,1.5839,1.7032,3.9908,24.1201,1.8769,28.8402,-3.6932,-4.3842
5,2,0.0000,190.6363,184.7454,306.8814,-2.1717,1.4963,1.6781,3.9662,-8.8611,1.8171,11.4068,-2.6883,-2.0390
6,2,0.0000,194.0406,159.7191,374.0000,3.2399,1.4114,1.5316,3.4427,-6.6087,1.6705,6.9557,-4.2134,-3.4726
6,2,1146.6218,180.1333,1241.0000,222.7761,1.7836,1.4860,1.6202,4.3695,23.5358,1.7884,27.9256,-2.3999,-3.0946
7,2,1106.3264,178.0779,1241.0000,219.5336,1.2637,1.5042,1.7025,4.6300,22.6738,1.7280,28.8352,-2.4597,-3.1206
7,2,0.0000,198.3954,59.2591,374.0000,0.8800,1.4890,1.5762,3.4959,-7.0253,1.7683,5.9800,-4.3034,-3.4600
8,2,1077.6215,177.0713,1212.8676,219.5702,4.2697,1.5941,1.7654,4.3311,21.8140,1.7787,29.5602,-2.4296,-3.0602
8,2,374.7222,176.0507,404.9807,200.4579,-2.0047,1.5397,1.6450,4.0169,-14.6995,1.7625,48.2177,-8.0764,-7.7817
9,2,1048.3514,177.9851,1179.6791,218.9281,3.8754,1.5718,1.7592,4.3430,21.0732,1.8022,30.3344,-2.4093,-3.0115
10,2,1018.4073,177.9839,1142.3066,216.7249,3.3500,1.5317,1.6952,4.2463,20.1912,1.7676,31.1507,-2.3850,-2.9553
11,2,989.2034,176.9763,1113.0243,216.2631,3.2111,1.5983,1.7539,4.3990,19.4263,1.7930,31.9739,-2.3664,-2.9078
12,2,962.6482,176.8534,1083.8922,215.9665,2.3540,1.6359,1.7952,4.4655,18.7008,1.8302,32.8697,-2.3328,-2.8458
13,2,942.1833,177.0078,1053.6594,214.8879,3.5885,1.6256,1.7108,4.2412,17.9320,1.8309,33.5719,-2.3157,-2.8022
14,2,919.2510,175.8586,1026.8904,212.5931,3.2771,1.6242,1.7609,4.2362,17.2096,1.7763,34.4340,-2.2864,-2.7460
15,2,893.0397,175.9895,1002.1653,211.1547,2.1459,1.5910,1.7637,4.5230,16.4150,1.7544,35.3605,-5.4032,-5.8342
16,2,876.3067,175.5848,977.6968,210.9180,4.2154,1.6483,1.7900,4.3126,15.8019,1.7935,36.2299,-2.2704,-2.6783
17,2,857.2546,175.6964,955.6824,209.8937,2.8786,1.6349,1.7727,4.3880,15.1441,1.7899,37.1518,-2.2280,-2.6118
18,2,838.8425,175.6183,932.6315,208.5667,2.4995,1.6162,1.8108,4.3511,14.4313,1.7706,38.0786,-2.1856,-2.5448
19,2,823.0673,174.9390,911.5959,207.4314,2.1959,1.6445,1.7624,4.2824,13.8185,1.7636,39.0677,-2.1829,-2.5200
20,2,809.4659,174.7999,895.3703,205.7586,1.8958,1.6015,1.7284,4.3797,13.2942,1.7151,39.9238,-2.1460,-2.4648
21,2,794.9013,174.6280,877.4476,205.6490,3.3477,1.6480,1.8064,4.3656,12.7139,1.7541,40.9342,-2.1138,-2.4124
22,2,782.0250,175.2986,860.3236,204.5859,3.3074,1.5919,1.7639,4.3624,12.1588,1.7416,41.9387,-2.0905,-2.3703
23,2,768.8054,174.3805,843.9716,203.3126,3.8274,1.6161,1.7547,4.4342,11.5666,1.7116,42.9244,-5.1998,-5.4608
24,2,756.8587,174.4192,829.0565,202.5335,2.6492,1.6096,1.7260,4.4569,11.0298,1.7098,43.9482,-5.1952,-5.4390
25,2,746.9878,174.0174,814.3787,201.4880,3.2464,1.6207,1.7311,4.3557,10.5610,1.6969,45.1030,-2.0241,-2.2522
25,2,777.7197,176.3536,804.2748,199.9400,-0.4714,1.4878,1.6536,3.9125,12.0285,1.7316,48.2280,-7.6241,-7.8667
26,2,737.7729,174.2323,801.1757,201.1102,3.0453,1.6224,1.7026,4.3371,10.0876,1.7146,46.1190,-8.2762,-8.4898
27,2,728.2032,174.5627,791.2722,200.2875,2.5629,1.5839,1.7593,4.4990,9.6787,1.7010,47.1595,-1.9817,-2.1825
28,2,721.3999,174.2645,778.9077,199.8333,2.5876,1.6155,1.7341,4.4319,9.2643,1.7141,48.2290,-8.2040,-8.3922
29,2,713.6373,173.6161,769.4684,198.9956,2.2959,1.6488,1.8114,4.3697,8.9031,1.7031,49.3787,-8.1983,-8.3753
30,2,706.4445,174.3787,760.0789,198.6761,3.2970,1.6098,1.8114,4.4390,8.5278,1.7213,50.4977,-8.1782,-8.3441
31,2,699.9622,174.5082,751.0460,198.2599,3.0455,1.6113,1.8542,4.4456,8.1765,1.7350,51.6796,-8.1475,-8.3031
32,2,691.7143,174.0434,742.7208,197.2052,2.1852,1.6074,1.8248,4.4130,7.7388,1.6979,52.7030,-5.0536,-5.1982
33,2,691.9612,174.2086,734.0023,196.6569,1.9779,1.5994,1.6900,4.2602,7.6153,1.7046,53.9462,-8.0802,-8.2193
34,2,687.6208,173.6131,727.2474,195.8654,1.2887,1.6202,1.7024,4.2068,7.3355,1.6801,54.9195,-4.9120,-5.0437
35,2,681.5414,174.2234,722.4620,195.4168,1.8875,1.5787,1.7861,4.3160,7.1031,1.6897,56.3478,-4.9384,-5.0628
36,2,1131.5541,210.8806,1241.0000,374.0000,0.9274,1.4593,1.6410,3.8765,3.9562,1.6898,2.4084,-7.8950,-8.8650
36,2,688.0079,172.9324,711.8267,194.3386,0.1034,1.6341,1.7274,4.2671,7.1512,1.6403,57.3417,-7.6938,-7.8168
37,2,1060.9304,196.0075,1241.0000,374.0000,1.8055,1.4796,1.6022,3.4521,3.9717,1.6429,3.3273,-7.9154,-8.7453
37,2,673.4980,173.3393,710.1474,194.6342,0.7513,1.6666,1.7995,4.2902,6.5973,1.7074,58.8444,-4.8940,-5.0047
38,2,1000.1572,190.8459,1241.0000,374.0000,2.7070,1.5128,1.6298,3.4582,3.9642,1.6588,4.1037,-7.8971,-8.6290
38,2,670.6576,172.9216,706.2454,193.2409,0.8797,1.6209,1.6796,4.1226,6.4278,1.6264,59.7681,-4.9351,-5.0414
39,2,952.6491,190.4548,1241.0000,374.0000,3.2406,1.4813,1.6119,3.4758,3.9201,1.6424,4.8535,-7.8857,-8.5349
39,2,672.5565,173.2621,700.9202,193.1913,1.7079,1.6314,1.6979,4.3667,6.4624,1.6671,61.3882,-7.9143,-8.0183
40,2,914.3693,190.1897,1241.0000,374.0000,4.9480,1.4759,1.5409,3.2795,3.8720,1.6543,5.7801,-7.8765,-8.4424
40,2,668.4214,173.3594,697.4487,192.9490,0.7926,1.6366,1.7508,4.2965,6.2630,1.6817,62.6074,-7.9362,-8.0351
41,2,881.3727,191.1018,1241.0000,374.0000,6.8698,1.4260,1.5111,3.2497,3.8275,1.6337,6.5761,-7.8880,-8.3947
41,2,664.7036,173.7662,694.2426,192.3612,0.4412,1.5829,1.7021,4.4975,6.0937,1.6665,63.9820,-7.9686,-8.0628
42,2,856.0526,190.3465,1188.9281,374.0000,8.5728,1.4329,1.5255,3.2109,3.8112,1.6516,7.4078,-7.8777,-8.3357
42,2,665.1049,172.7167,690.3267,190.1327,1.3884,1.5200,1.7553,4.3446,6.0562,1.5077,65.1691,-7.8811,-7.9730
42,2,1170.5726,186.6083,1241.0000,374.0000,0.8739,1.4784,1.6302,3.5522,7.6070,1.6503,7.1891,-7.7603,-8.5529
43,2,834.4876,189.0255,1113.3143,352.8438,7.7124,1.4302,1.5034,3.2258,3.7960,1.6514,8.2511,-7.8771,-8.2937
43,2,1127.6533,184.8846,1241.0000,361.1943,2.4109,1.4445,1.5760,3.5910,7.7160,1.6071,7.9649,-7.8393,-8.5899
43,2,658.9518,173.2968,687.2458,190.6000,0.3634,1.5386,1.7384,4.4059,5.7587,1.5805,66.5650,-7.9715,-8.0571
44,2,816.1708,186.5152,1052.5315,331.7651,8.1017,1.4412,1.4868,3.2176,3.7658,1.6436,9.0849,-7.8702,-8.2506
44,2,1088.4664,184.2541,1241.0000,344.1698,3.0007,1.4406,1.6314,3.7802,7.7554,1.6069,8.6596,-7.8538,-8.5667
44,2,656.1921,173.7642,683.8122,190.6679,0.0466,1.5261,1.7492,3.8355,5.5484,1.6133,67.3813,-7.9982,-8.0797
45,2,799.3652,185.5996,1007.8004,316.5995,8.4126,1.4426,1.4915,3.2350,3.7381,1.6459,9.8943,-7.8726,-8.2229
45,2,1056.8220,184.8788,1241.0000,320.8422,4.0652,1.4232,1.5702,3.4010,7.7153,1.6107,9.5623,-7.8629,-8.5262
45,2,659.4321,172.7365,681.3702,189.6977,-0.4517,1.5779,1.8047,4.4717,5.7536,1.5667,69.3769,-7.8373,-7.9194
46,2,785.4146,185.0488,969.5095,303.0456,7.7734,1.4346,1.4787,3.2181,3.7210,1.6432,10.7354,-7.8788,-8.2029
46,2,1028.2344,183.7587,1241.0000,306.6202,6.0420,1.4320,1.5177,3.3266,7.6957,1.6137,10.3772,-7.8642,-8.4881
46,2,655.5833,173.7581,679.4955,190.8857,-1.1452,1.6182,1.7513,4.0960,5.5695,1.7089,70.4936,-7.9198,-7.9980
47,2,772.9017,184.0771,936.2230,291.7212,8.0869,1.4357,1.4752,3.2229,3.6920,1.6410,11.5883,-7.8738,-8.1739
47,2,998.3856,185.0953,1241.0000,292.9003,7.3242,1.3793,1.5470,3.3118,7.6980,1.5986,11.2767,-7.8682,-8.4544
48,2,974.5034,183.3190,1197.0021,283.4042,8.0105,1.4040,1.5472,3.2744,7.6806,1.6032,12.1123,-7.8660,-8.4195
48,2,761.6771,183.9646,908.6751,283.0857,7.2823,1.4386,1.4758,3.2318,3.6731,1.6553,12.4673,-7.8735,-8.1526
49,2,951.4230,183.6740,1149.3672,275.0359,8.1976,1.3906,1.5317,3.2593,7.6699,1.6102,13.0176,-7.8750,-8.3969
49,2,751.2469,182.6055,882.7115,273.6761,7.8754,1.4434,1.4595,3.1936,3.6445,1.6460,13.3947,-7.8769,-8.1360
50,2,929.8982,182.3736,1106.9562,267.6237,7.4697,1.4100,1.5349,3.2705,7.6421,1.6154,13.9474,-7.8684,-8.3601
50,2,742.7806,181.9994,861.8239,266.3600,6.7981,1.4467,1.4649,3.1816,3.6343,1.6483,14.3251,-7.8715,-8.1141
51,2,909.7491,181.2854,1072.5928,260.6281,8.0381,1.4159,1.5664,3.3062,7.6328,1.6092,14.8988,-7.8734,-8.3381
51,2,733.2687,182.4342,842.7020,259.5014,6.8572,1.4167,1.4534,3.2541,3.6029,1.6415,15.3151,-7.8765,-8.1024
52,2,893.7896,180.9576,1041.7737,255.6151,7.4322,1.4272,1.5702,3.3108,7.6231,1.6233,15.8198,-7.8662,-8.3073
52,2,724.8394,181.5947,826.0707,253.8866,6.7338,1.4308,1.4510,3.2668,3.5808,1.6484,16.3358,-7.8850,-8.0961
53,2,876.8287,181.6310,1013.3445,250.6400,7.7219,1.4039,1.5771,3.3154,7.5853,1.6281,16.7793,-7.8759,-8.2932
53,2,718.1726,180.5382,810.8292,248.7625,7.2331,1.4505,1.4591,3.1731,3.5544,1.6516,17.3094,-7.8831,-8.0814
54,2,864.4156,180.4577,988.4190,245.5680,7.9062,1.4126,1.5378,3.3103,7.5762,1.6166,17.7147,-7.8743,-8.2718
54,2,711.5308,180.1749,796.3004,243.8155,7.8853,1.4483,1.4633,3.1841,3.5260,1.6510,18.3978,-7.8753,-8.0608
54,2,1149.3015,183.3158,1241.0000,374.0000,1.4946,1.4866,1.6597,3.8964,7.7949,1.6219,7.3635,-7.9025,-8.6959
55,2,704.9600,180.0580,784.2344,239.6831,6.9153,1.4421,1.4578,3.2130,3.4946,1.6524,19.4702,-7.8815,-8.0556
55,2,852.5266,180.6009,966.0525,241.3814,6.7451,1.3949,1.5172,3.3233,7.5586,1.6129,18.6580,-7.8682,-8.2469
55,2,1108.3254,184.7324,1241.0000,373.5523,2.7262,1.4609,1.6418,4.1864,7.7658,1.6267,7.9696,-7.8884,-8.6418
56,2,839.3238,180.0484,946.7759,237.9985,6.6443,1.4065,1.5436,3.3818,7.5298,1.6190,19.6405,-7.8731,-8.2335
56,2,699.3596,179.8094,773.5684,235.5459,6.4984,1.4336,1.4737,3.1926,3.4762,1.6473,20.5788,-7.8820,-8.0462
56,2,1071.2589,185.9726,1241.0000,348.7856,3.6384,1.4417,1.6884,4.0808,7.7670,1.6389,8.7925,-7.8904,-8.5967
56,2,1070.4686,210.9197,1241.0000,374.0000,1.2691,1.4634,1.6300,3.9883,3.3347,1.6767,2.0540,-7.8512,-8.8068
57,2,828.1808,179.4330,927.9319,234.5978,7.3097,1.4188,1.5411,3.3249,7.5056,1.6220,20.6418,-7.8818,-8.2253
57,2,694.5251,179.0757,762.9401,231.8906,7.2952,1.4431,1.4580,3.2029,3.4494,1.6440,21.7151,-7.8785,-8.0332
57,2,1037.9414,181.1628,1241.0000,328.8504,4.1633,1.4922,1.6903,4.0639,7.7176,1.6258,9.5764,-7.8824,-8.5451
57,2,1010.6108,201.2537,1241.0000,374.0000,2.4475,1.4854,1.6428,3.9237,3.3643,1.6683,2.6757,-7.8724,-8.7181
58,2,689.5370,178.8078,753.7416,228.6418,6.7934,1.4420,1.4609,3.1603,3.4195,1.6435,22.8607,-7.8823,-8.0282
58,2,818.9307,179.1844,912.3034,231.8538,6.6554,1.4264,1.5460,3.3283,7.5071,1.6306,21.6289,-7.8802,-8.2094
58,2,1012.0219,182.6264,1241.0000,315.5683,5.0398,1.4508,1.6407,4.1707,7.7252,1.6186,10.2993,-7.8911,-8.5203
58,2,956.2831,195.8052,1241.0000,374.0000,3.5835,1.4717,1.6033,3.7614,3.3513,1.6409,3.4140,-7.9004,-8.6333
59,2,684.3813,179.1463,744.9825,225.6255,6.3741,1.4143,1.4461,3.1912,3.3706,1.6375,24.0140,-7.8899,-8.0270
59,2,982.6481,181.8457,1241.0000,301.4816,5.7159,1.4392,1.6875,4.2135,7.7031,1.6045,11.1431,-7.8971,-8.4890
59,2,809.3610,178.9085,896.2144,228.5613,4.9835,1.4107,1.5507,3.3303,7.4521,1.6140,22.5860,-7.8703,-8.1845
59,2,917.1360,203.5208,1241.0000,374.0000,3.2782,1.3994,1.5785,3.6607,3.3115,1.6538,4.1441,-7.8795,-8.5185
60,2,680.6229,178.3810,736.8758,223.0283,6.8947,1.4384,1.4415,3.2487,3.3528,1.6444,25.2961,-7.8818,-8.0113
60,2,799.1828,179.2734,881.9956,226.4805,5.4453,1.4055,1.5460,3.3406,7.4130,1.6306,23.6403,-7.8888,-8.1885
60,2,962.2430,182.0349,1234.8228,287.5394,4.6314,1.3982,1.6426,4.0993,7.6925,1.5771,12.0047,-7.8935,-8.4516
60,2,880.3754,200.1349,1241.0000,374.0000,4.2618,1.3888,1.5861,3.5213,3.2994,1.6445,4.9911,-7.8778,-8.4340
61,2,676.1913,178.2182,730.0860,220.5213,7.4422,1.4329,1.4746,3.1697,3.3105,1.6412,26.4547,-7.8846,-8.0071
61,2,853.0579,199.1386,1241.0000,374.0000,6.1852,1.3703,1.5728,3.5731,3.2747,1.6413,5.6368,-7.8842,-8.3868
61,2,791.0600,178.1719,868.3932,223.6165,5.4471,1.4284,1.5344,3.3511,7.4101,1.6232,24.7777,-7.8887,-8.1755
61,2,936.7003,181.3182,1183.0239,279.7258,4.0389,1.4232,1.6611,4.2027,7.6599,1.5997,12.9377,-7.8972,-8.4211
62,2,672.5327,178.6414,723.2845,218.1400,7.2050,1.4061,1.4602,3.1462,3.2817,1.6412,27.7525,-7.8903,-8.0062
62,2,829.1064,195.7773,1241.0000,374.0000,6.7734,1.3897,1.5569,3.5479,3.2459,1.6490,6.3749,-7.8871,-8.3383
62,2,918.1642,182.2043,1135.4377,272.2770,4.8725,1.4101,1.6433,4.0569,7.6179,1.6155,13.7968,-7.9092,-8.4039
62,2,783.2901,178.3229,857.3937,221.4807,4.6182,1.4094,1.5574,3.3798,7.3639,1.6170,25.7129,-7.8873,-8.1626
63,2,808.3411,194.2229,1152.5104,374.0000,7.4544,1.3733,1.5327,3.4555,3.2161,1.6372,7.1641,-7.8957,-8.3012
63,2,669.1877,178.2652,716.7105,216.3024,5.8118,1.4227,1.4624,3.2095,3.2458,1.6527,29.0742,-7.8810,-7.9905
63,2,775.8505,178.0560,843.6679,219.4466,5.1760,1.4222,1.5219,3.2999,7.3214,1.6278,26.8863,-7.8855,-8.1480
63,2,901.5861,181.0043,1094.5493,264.3000,4.6329,1.4145,1.5969,3.9195,7.5775,1.6025,14.6593,-7.9269,-8.3951
64,2,791.4954,193.1392,1077.9548,361.9052,8.4372,1.3648,1.5358,3.4246,3.2045,1.6380,7.9906,-7.8888,-8.2563
64,2,665.6138,177.9450,710.9273,214.6453,6.8037,1.4400,1.4639,3.1951,3.2025,1.6654,30.3795,-7.8857,-7.9891
64,2,768.9179,177.5999,833.2248,216.9871,5.0353,1.4183,1.5343,3.2376,7.3057,1.6132,28.0259,-7.8914,-8.1433
64,2,883.4625,181.1386,1060.6877,257.1996,4.7276,1.3837,1.5735,3.9602,7.5495,1.5862,15.6147,-7.9446,-8.3868
65,2,777.8540,190.9922,1021.7441,339.5813,7.7948,1.3696,1.5193,3.4055,3.1927,1.6338,8.7970,-7.8846,-8.2209
65,2,662.5830,177.7681,705.8665,212.6542,5.8060,1.4347,1.4695,3.1516,3.1745,1.6614,31.7266,-7.8903,-7.9885
65,2,867.1129,181.7488,1027.6593,253.2980,4.9317,1.3963,1.5954,3.8696,7.4954,1.6251,16.5813,-7.9495,-8.3667
65,2,762.0811,177.7531,823.5752,216.2751,4.6811,1.4467,1.5482,3.2808,7.2833,1.6559,29.1896,-7.8913,-8.1329
66,2,763.9670,189.5999,975.0638,321.2097,7.4477,1.3683,1.5329,3.3451,3.1646,1.6307,9.6262,-7.8824,-8.1898
66,2,659.3201,177.5962,700.5538,210.6563,6.0742,1.4191,1.4552,3.2577,3.1208,1.6472,33.1015,-7.8925,-7.9851
66,2,852.2461,180.5358,999.8110,248.3977,5.3523,1.4264,1.6194,3.9572,7.4920,1.6359,17.6672,-7.9372,-8.3315
66,2,753.8419,176.6124,812.8782,214.4352,4.0686,1.4870,1.5502,3.2908,7.1906,1.6537,30.3827,-7.9040,-8.1337
67,2,750.8926,188.4795,938.4291,306.6820,8.3718,1.3645,1.5404,3.3979,3.1428,1.6290,10.5047,-7.8830,-8.1648
67,2,655.8678,177.2204,695.8967,209.6536,6.9728,1.4556,1.4711,3.2718,3.0646,1.6741,34.4992,-7.8999,-7.9872
67,2,838.5700,180.2486,971.9823,243.4044,5.4640,1.4222,1.5842,3.8803,7.4398,1.6343,18.7236,-7.9474,-8.3195
67,2,746.9442,177.3104,803.5778,212.2998,2.5795,1.4286,1.5515,3.3981,7.1386,1.6344,31.6385,-4.7632,-4.9826
68,2,738.8234,186.9648,907.2986,295.5248,7.8230,1.3808,1.5356,3.4110,3.1037,1.6365,11.3603,-7.8910,-8.1500
68,2,652.2808,177.1999,691.3555,207.6589,5.7256,1.4267,1.4606,3.1820,2.9940,1.6525,35.9011,-7.9238,-8.0058
68,2,825.5893,179.8964,947.7241,238.0997,5.3411,1.3974,1.5966,3.9356,7.3951,1.6104,19.8368,-7.9321,-8.2834
68,2,741.0653,175.9032,795.4685,210.7242,2.6635,1.4852,1.5533,3.4213,7.0972,1.6311,32.8342,-4.7687,-4.9792
69,2,730.1899,186.5201,879.4047,284.2832,7.6136,1.3649,1.5233,3.3804,3.0855,1.6295,12.2685,-7.8879,-8.1275
69,2,815.5464,179.5041,926.4344,233.9348,5.8923,1.3954,1.5635,3.8543,7.3925,1.6067,20.9680,-7.9370,-8.2709
69,2,651.1635,176.7615,687.3094,206.4846,4.7314,1.4527,1.4434,3.3244,2.9909,1.6641,37.4058,-7.9032,-7.9818
69,2,735.3914,177.3256,785.5643,209.6305,3.2905,1.4307,1.5537,3.2674,7.0115,1.6520,34.0846,-7.9000,-8.1006
69,2,1122.6462,204.9454,1241.0000,374.0000,0.7253,1.5069,1.6506,3.7950,3.7221,1.6890,2.1549,-7.9163,-8.9036
70,2,721.6544,185.6440,856.2225,275.6931,7.4985,1.3732,1.5221,3.3229,3.0602,1.6364,13.1717,-7.8913,-8.1137
70,2,649.0222,176.7568,683.4763,205.0725,4.7790,1.4425,1.4495,3.2177,2.9529,1.6612,38.8527,-7.9040,-7.9787
70,2,804.5839,178.6766,907.9359,230.9451,4.5716,1.4252,1.6135,3.9924,7.3782,1.6203,22.1687,-7.9127,-8.2294
70,2,1058.1122,194.8101,1241.0000,374.0000,1.8143,1.4831,1.6399,3.9144,3.6569,1.6241,2.6747,-7.8677,-8.7550
70,2,728.4347,178.7248,781.1647,208.7868,1.6553,1.3693,1.5575,3.4593,6.9989,1.6715,35.3751,-7.9639,-8.1571
70,2,1113.4231,0.0000,1241.0000,374.0000,0.6355,2.3643,2.0409,5.4660,7.4031,1.4467,6.3496,-7.9066,-8.7454
71,2,714.7223,185.1452,837.1989,268.3726,7.2581,1.3713,1.5196,3.3199,3.0446,1.6394,14.0720,-7.8893,-8.0970
71,2,793.8260,178.3971,890.8255,227.6853,4.8163,1.4275,1.6319,3.9220,7.3486,1.6222,23.3669,-7.9283,-8.2288
71,2,646.3561,177.1548,680.1970,203.7825,4.0682,1.4054,1.4833,3.1507,2.8962,1.6545,40.2189,-7.9103,-7.9812
71,2,991.5359,192.5556,1241.0000,374.0000,2.6477,1.4778,1.6463,3.8403,3.6364,1.6238,3.4096,-7.8911,-8.6657
71,2,725.3243,177.2829,771.4711,206.3563,2.0871,1.3866,1.4514,3.3696,6.9441,1.6221,36.6803,-4.7944,-4.9796
71,2,1072.6102,10.5525,1241.0000,374.0000,1.2708,2.4320,2.1310,5.5283,7.2679,1.4710,7.0528,-7.8371,-8.6164
72,2,707.4782,184.8356,818.8318,261.1643,6.5774,1.3594,1.5181,3.3633,3.0224,1.6380,15.0906,-7.8856,-8.0785
72,2,644.6662,176.7474,676.4478,202.4433,4.8831,1.4134,1.5108,3.2218,2.8587,1.6476,41.8191,-7.8875,-7.9548
72,2,786.5228,178.5060,873.7299,224.4850,4.4216,1.4083,1.5937,3.9433,7.3426,1.6165,24.6044,-7.9056,-8.1917
72,2,946.2204,187.7337,1241.0000,374.0000,3.4986,1.4889,1.7006,3.9785,3.6528,1.6135,4.0394,-7.8871,-8.5857
72,2,1036.4413,63.8024,1241.0000,351.0870,-0.1525,2.2992,2.1035,4.8257,7.2958,1.4261,8.2026,-7.8686,-8.5774
72,2,717.0469,175.0918,765.5820,201.9545,-0.3279,1.3412,1.4860,3.3710,6.8438,1.4646,38.1043,-1.7288,-1.9048
73,2,700.8441,183.5102,803.4488,255.1389,6.8691,1.3750,1.5175,3.3566,2.9942,1.6370,16.0605,-7.8881,-8.0682
73,2,641.7438,176.5944,672.5092,201.3885,4.7360,1.4156,1.5011,3.2454,2.7617,1.6486,43.3490,-7.8969,-7.9596
73,2,772.8804,177.7385,857.7374,222.0444,4.3670,1.4372,1.5692,3.9841,7.2173,1.6263,25.9205,-7.9551,-8.2231
73,2,904.5919,187.5022,1241.0000,374.0000,4.1216,1.5045,1.6973,4.1245,3.6449,1.6438,4.7920,-7.8870,-8.5071
73,2,713.7795,175.7188,759.5104,202.8530,1.3795,1.3987,1.5768,3.5930,6.8311,1.5624,39.4460,-4.8028,-4.9726
74,2,695.0419,183.2540,788.7991,249.6534,6.4114,1.3688,1.5143,3.2760,2.9624,1.6384,17.0584,-7.8882,-8.0563
74,2,873.5706,185.7996,1241.0000,374.0000,5.4536,1.4765,1.6589,4.1349,3.6177,1.6133,5.5450,-7.8915,-8.4445
74,2,767.5417,177.0900,844.5778,219.7685,4.6769,1.4633,1.5944,4.1293,7.2542,1.6354,27.2611,-7.9069,-8.1637
74,2,641.5663,176.6130,669.3633,200.3184,3.5853,1.4038,1.4922,3.1770,2.7595,1.6453,44.8298,-7.8646,-7.9253
74,2,706.6093,175.0604,750.7379,202.5981,0.4396,1.4703,1.5814,3.7909,6.6162,1.6007,40.7917,-4.7962,-4.9553
75,2,689.2973,183.1329,776.6499,245.0385,6.9225,1.3600,1.5196,3.3528,2.9367,1.6421,18.1169,-7.8868,-8.0440
75,2,761.7294,177.0156,831.7794,217.5172,5.6165,1.4638,1.6053,3.9984,7.2415,1.6397,28.5204,-7.8897,-8.1353
75,2,847.6859,185.7648,1241.0000,374.0000,5.5389,1.4800,1.6251,4.0627,3.5738,1.6300,6.3392,-7.8890,-8.3815
75,2,640.0665,177.4096,667.1141,199.2402,1.9362,1.3331,1.4629,3.0370,2.7318,1.6345,46.2441,-7.8832,-7.9413
75,2,700.8372,177.6771,745.2643,203.5397,0.9408,1.4164,1.6013,3.8329,6.5285,1.7119,42.2560,-4.8278,-4.9795
76,2,825.4992,184.3656,1241.0000,374.0000,6.8604,1.4993,1.6607,4.0122,3.5669,1.6452,7.1294,-7.8914,-8.3377
76,2,684.3037,182.7002,765.1811,240.4443,6.4180,1.3502,1.5192,3.3430,2.9013,1.6342,19.1425,-7.8842,-8.0315
76,2,752.6019,176.9985,819.8901,214.6638,5.1362,1.4265,1.5755,4.1114,7.1624,1.6099,29.8855,-7.9100,-8.1425
76,2,635.2891,175.9679,664.2368,198.3321,2.9020,1.4166,1.5198,3.1049,2.5689,1.6294,47.7570,-7.9296,-7.9825
76,2,699.2658,177.0967,740.0424,201.8338,0.9512,1.4092,1.5060,3.4630,6.5366,1.6756,43.5452,-4.8508,-4.9983
76,2,682.1584,192.8256,725.0346,231.2821,-0.9214,1.4833,1.6489,3.7904,4.0246,2.4172,31.8016,-7.7846,-7.9084
77,2,805.3600,184.7253,1152.6246,372.4334,7.2144,1.4802,1.6704,3.9652,3.5464,1.6441,7.9619,-7.8973,-8.3015
77,2,679.5151,182.0067,756.0831,236.6316,5.5269,1.3585,1.5246,3.3302,2.8823,1.6360,20.2063,-7.8932,-8.0321
77,2,746.9525,176.3179,809.4906,213.6022,4.8817,1.4873,1.5727,3.9946,7.1464,1.6466,31.2000,-7.9096,-8.1322
77,2,635.9305,175.7356,661.7783,198.1646,1.9833,1.4640,1.4599,3.4339,2.5917,1.6675,49.2855,-4.7481,-4.7999
77,2,697.3998,176.4099,733.2853,200.5507,1.1183,1.4246,1.4765,3.2975,6.4655,1.6535,44.7917,-4.8020,-4.9440
78,2,789.9012,182.3679,1083.3832,346.9188,7.7780,1.4942,1.6552,3.9576,3.5296,1.6364,8.7953,-7.8948,-8.2638
78,2,675.4051,181.3569,746.6993,232.6512,5.9758,1.3515,1.5268,3.3680,2.8500,1.6222,21.2857,-7.8869,-8.0174
78,2,740.5435,176.7974,800.2664,211.5232,5.4056,1.4456,1.5863,3.9195,7.1043,1.6339,32.5013,-7.9201,-8.1329
78,2,632.2247,176.1586,659.7375,196.9809,3.2853,1.4014,1.5065,3.2839,2.4722,1.6416,50.8012,-7.9385,-7.9864
79,2,775.3075,181.7360,1022.9819,326.1462,7.3463,1.4883,1.6022,3.9854,3.4978,1.6324,9.7079,-7.8938,-8.2289
79,2,671.3563,181.0462,737.2448,229.5849,6.1878,1.3535,1.4829,3.3453,2.8035,1.6268,22.3952,-7.8935,-8.0156
79,2,735.2404,176.4447,792.7361,209.5256,5.3398,1.4354,1.6017,4.0543,7.1001,1.6138,33.8316,-7.9163,-8.1209
79,2,632.5921,174.9431,657.0954,195.7242,2.1992,1.4470,1.5360,3.3660,2.4663,1.6030,52.2832,-7.8769,-7.9234
80,2,761.2682,180.6082,979.7441,310.2010,7.0678,1.5003,1.6439,3.9844,3.4815,1.6359,10.6184,-7.8931,-8.2007
80,2,669.0125,181.2754,730.6317,226.9031,5.4268,1.3373,1.5246,3.3943,2.8043,1.6311,23.4887,-7.8718,-7.9884
80,2,729.0820,176.0773,784.6111,208.7392,4.7347,1.4786,1.6078,3.9904,7.0331,1.6444,35.1217,-7.9327,-8.1283
80,2,630.3666,175.5561,654.7801,195.8351,2.1977,1.4523,1.5184,3.2422,2.3713,1.6595,53.7704,-7.9027,-7.9462
81,2,749.9324,180.2383,941.4346,296.9343,8.2541,1.4970,1.6218,3.9562,3.4503,1.6352,11.5210,-7.8960,-8.1789
81,2,664.6122,180.0917,723.7963,224.5165,6.5384,1.3756,1.5126,3.4090,2.7589,1.6397,24.6346,-7.8878,-7.9973
81,2,723.9525,175.9849,777.7303,207.8032,5.4743,1.4981,1.6426,4.1137,7.0106,1.6654,36.4999,-7.9276,-8.1154
81,2,628.4939,174.8593,652.2961,194.6195,2.1929,1.4577,1.4981,3.2014,2.2714,1.6154,55.2026,-7.9143,-7.9548
81,2,679.8111,172.7795,715.8876,194.0004,-1.8093,1.4369,1.6209,3.7196,6.1119,1.4316,50.8104,-4.8503,-4.9690
82,2,739.7643,179.4510,909.4963,285.9334,7.7187,1.5100,1.6161,3.9834,3.4350,1.6426,12.5052,-7.8941,-8.1551
82,2,660.7614,180.0921,717.0150,222.0228,6.3487,1.3605,1.5186,3.3063,2.6971,1.6346,25.6725,-7.8925,-7.9953
82,2,718.4881,176.4908,769.9161,206.2229,4.5638,1.4507,1.6540,4.1577,6.9310,1.6520,37.8605,-7.9255,-8.1046
82,2,626.1133,176.0183,650.3385,194.5497,1.3971,1.4018,1.4943,3.3297,2.1715,1.6585,56.8932,-7.9428,-7.9803
82,2,687.1110,175.4772,710.3666,196.5549,-2.0055,1.4600,1.6179,3.8566,6.4253,1.6578,52.4929,-4.5888,-4.7096
83,2,731.6727,179.8032,882.2914,276.7786,7.8734,1.5024,1.6098,3.9793,3.4221,1.6514,13.4827,-7.8871,-8.1295
83,2,657.5526,179.4342,711.1149,219.5802,6.0403,1.3675,1.5006,3.3589,2.6595,1.6277,26.8512,-7.8997,-7.9967
83,2,714.0913,175.6738,762.3027,204.5978,4.7826,1.4712,1.6725,4.1438,6.8641,1.6325,39.2288,-7.9096,-8.0810
83,2,625.9712,175.3922,648.5323,193.8439,1.8059,1.4405,1.5176,3.5365,2.1612,1.6529,58.6336,-7.9064,-7.9427
83,2,1012.5165,179.2758,1116.4474,216.1892,-1.5504,1.5013,1.6341,3.6248,19.9594,1.8007,31.8314,-2.3775,-2.9330
84,2,722.5294,178.7630,859.1963,267.6469,7.8976,1.5062,1.6198,3.9526,3.3970,1.6410,14.4991,-7.8921,-8.1168
84,2,654.9001,179.4926,706.2424,217.7363,6.1518,1.3599,1.5272,3.3463,2.6305,1.6324,27.9520,-7.8959,-7.9882
84,2,710.5387,175.5052,755.8411,203.7325,4.3226,1.4908,1.6219,4.1403,6.8341,1.6475,40.6186,-7.9117,-8.0767
84,2,1000.2406,180.8721,1101.6073,216.2382,3.0269,1.4488,1.5419,3.5957,19.5850,1.8266,32.2032,-2.3523,-2.8941
84,2,625.2173,175.0593,646.5516,193.1860,1.1006,1.4550,1.4631,3.1466,2.1018,1.6428,59.9277,-4.7762,-4.8107
85,2,715.4613,178.5814,839.0364,260.1484,6.7004,1.4956,1.6058,3.9534,3.3775,1.6344,15.5170,-7.8916,-8.1011
85,2,652.3773,179.4666,701.2039,216.2242,5.2562,1.3650,1.5116,3.3195,2.5941,1.6468,29.0965,-7.9012,-7.9886
85,2,705.6713,175.6288,750.8417,202.6244,3.7607,1.4749,1.6850,4.2338,6.7884,1.6446,42.0346,-7.9185,-8.0770
85,2,986.1892,179.4504,1084.4470,214.5422,3.4319,1.4675,1.4557,3.5656,19.1453,1.7820,32.6424,-2.3302,-2.8562
85,2,623.3550,175.2570,644.7334,192.4693,1.2254,1.4185,1.4464,3.1656,2.0044,1.6286,61.5603,-7.9428,-7.9748
85,2,1132.3633,194.1326,1241.0000,374.0000,-0.2670,1.5143,1.6718,3.8879,3.7256,1.6331,2.0700,-4.7459,-5.7500
86,2,708.5239,178.8507,820.7184,253.7817,6.8608,1.4828,1.6108,3.9509,3.3541,1.6371,16.6008,-7.8881,-8.0831
86,2,649.5061,179.1133,696.8997,214.8335,5.3167,1.3819,1.5325,3.3856,2.5516,1.6590,30.2481,-7.9026,-7.9853
86,2,972.2729,178.7866,1070.8882,214.6637,3.6635,1.5228,1.5193,3.6459,18.7688,1.8095,33.0706,-2.3400,-2.8519
86,2,1067.8865,187.7996,1241.0000,374.0000,1.7465,1.4808,1.6197,3.7510,3.6484,1.5748,2.6671,-7.8652,-8.7529
86,2,699.3781,175.8409,744.1151,201.9004,1.1833,1.4703,1.7009,4.1267,6.6137,1.6582,43.3304,-7.9457,-8.0957
86,2,620.7551,174.8803,643.7527,191.7171,0.8900,1.4269,1.4802,3.1957,1.9035,1.6090,63.2439,-7.9978,-8.0274
87,2,701.3610,178.2686,804.7787,248.4248,6.5989,1.4932,1.6003,3.9659,3.3149,1.6407,17.6812,-7.8943,-8.0758
87,2,648.1417,179.1909,692.1672,213.0797,5.3009,1.3659,1.5254,3.3204,2.5248,1.6561,31.3976,-7.8893,-7.9682
87,2,963.4717,178.1033,1055.5977,213.2783,3.8591,1.5166,1.4335,3.4526,18.3970,1.7720,33.3900,-2.3140,-2.8134
87,2,1002.9656,181.7496,1241.0000,374.0000,2.7934,1.5112,1.6266,3.6394,3.6373,1.5759,3.4416,-7.8668,-8.6373
87,2,621.4608,175.0523,641.1606,191.0677,1.2207,1.3930,1.4561,3.1576,1.8715,1.5952,64.8337,-7.9256,-7.9540
87,2,696.4328,175.4820,738.8932,200.9090,0.9926,1.4908,1.7165,4.4512,6.6239,1.6629,45.0513,-4.7775,-4.9221
88,2,696.0071,178.0767,790.7455,243.1818,6.6886,1.4883,1.6024,3.9507,3.3006,1.6387,18.8198,-7.8917,-8.0618
88,2,646.2467,179.4395,688.3558,211.7105,4.5764,1.3494,1.5281,3.4047,2.4977,1.6623,32.5996,-7.8853,-7.9605
88,2,948.5205,178.2877,1042.2241,212.6574,4.2512,1.4987,1.4751,3.5935,17.9865,1.7670,33.8520,-2.3240,-2.8084
88,2,953.3672,171.8421,1241.0000,374.0000,3.0597,1.6084,1.6928,3.8232,3.6469,1.6050,4.0825,-7.8583,-8.5514
88,2,620.2121,175.4805,640.0319,190.9066,-2.0615,1.3726,1.4944,3.4421,1.8122,1.6210,66.5726,-7.9247,-7.9514
89,2,691.5916,177.7593,777.7259,238.4701,6.6765,1.4867,1.5975,3.9199,3.2850,1.6356,19.9720,-7.8836,-8.0435
89,2,642.8514,178.5977,684.1744,210.2729,4.3529,1.3792,1.5380,3.4935,2.4190,1.6624,33.8381,-7.8955,-7.9657
89,2,914.8600,173.3289,1241.0000,374.0000,4.1054,1.6148,1.6839,3.9206,3.6622,1.6190,4.8440,-7.8561,-8.4736
89,2,937.3901,178.2130,1029.9448,211.2385,3.8611,1.4582,1.5530,3.5904,17.6776,1.7265,34.3159,-2.3006,-2.7724
89,2,693.4658,175.2238,728.3519,198.8403,0.3831,1.4800,1.7074,4.1747,6.5911,1.6433,47.7257,-4.7159,-4.8519
89,2,666.4203,174.1807,685.6635,192.4550,-1.3209,1.5305,1.6148,3.8658,5.7340,1.6492,62.7253,-4.6114,-4.7018
89,2,619.5972,174.9156,637.7126,190.0591,-1.5746,1.3861,1.5378,3.2898,1.7214,1.5853,68.1622,-7.8808,-7.9056
90,2,686.2009,177.2142,766.6050,234.1716,6.0313,1.4899,1.5790,3.9143,3.2581,1.6295,21.1652,-7.8943,-8.0442
90,2,878.1304,167.4604,1241.0000,374.0000,5.4989,1.6488,1.7190,4.2139,3.6739,1.6232,5.5146,-7.8764,-8.4387
90,2,642.4758,179.3280,680.6501,208.9141,4.7166,1.3372,1.5278,3.2533,2.4166,1.6656,34.9811,-7.8824,-7.9502
90,2,927.6324,177.7572,1017.3095,210.4388,4.5973,1.4620,1.5306,3.5332,17.3261,1.7099,34.6783,-2.2657,-2.7252
90,2,665.0640,173.2487,695.2970,190.7085,-1.6280,1.5017,1.5705,3.8408,6.2543,1.5377,64.2262,-4.3014,-4.3977
91,2,681.8585,176.6985,756.4814,230.7635,5.6084,1.5051,1.6017,3.9491,3.2350,1.6346,22.3682,-7.8844,-8.0254
91,2,853.7227,168.9652,1241.0000,374.0000,5.4250,1.6485,1.6948,4.1028,3.6570,1.6252,6.3302,-7.8743,-8.3771
91,2,639.1812,178.4835,677.1118,207.3478,4.3046,1.3544,1.5118,3.2274,2.3312,1.6491,36.1554,-7.9098,-7.9731
91,2,920.4301,178.2988,1005.2222,209.7676,2.2728,1.4236,1.4035,3.4179,17.0257,1.7007,35.0022,-2.2801,-2.7291
92,2,831.6489,170.1438,1241.0000,374.0000,8.1703,1.6689,1.6485,4.0727,3.6206,1.6495,7.1174,-7.8772,-8.3300
92,2,676.7924,177.1260,747.1201,227.7689,6.8295,1.4906,1.5966,4.0087,3.1925,1.6421,23.6116,-7.8903,-8.0223
92,2,637.4587,178.5689,673.6003,206.8508,4.8601,1.3745,1.5125,3.3325,2.2832,1.6843,37.4528,-7.9013,-7.9612
92,2,909.0579,177.2630,999.6740,208.4586,1.3983,1.4249,1.5499,3.6988,16.7961,1.6525,35.3915,-2.2969,-2.7364
92,2,671.1706,174.7173,728.3208,211.5535,-1.1908,1.5198,1.6960,3.7607,3.8580,1.6070,31.9277,-7.9598,-8.0784
92,2,659.9585,173.2774,687.3020,190.0956,-1.7575,1.5143,1.6206,3.8311,5.9292,1.5546,67.1460,-4.3688,-4.4562
93,2,812.9709,170.9570,1158.0144,374.0000,7.6746,1.6715,1.6297,3.9589,3.6005,1.6556,7.9257,-7.8860,-8.2973
93,2,673.3508,176.7134,738.9255,224.6080,6.4476,1.4958,1.6011,3.9670,3.1777,1.6393,24.8685,-7.8884,-8.0134
93,2,636.5690,177.9735,670.6458,204.9671,4.5243,1.3623,1.4765,3.2072,2.2619,1.6481,38.6751,-7.9042,-7.9616
93,2,899.2429,177.0018,987.6117,209.8390,0.8532,1.5227,1.5497,3.6713,16.4652,1.7393,35.8359,-2.2790,-2.7061
94,2,796.3093,173.1160,1089.9298,347.2774,7.7682,1.6345,1.6453,4.0150,3.6045,1.6381,8.8055,-7.8795,-8.2552
94,2,669.4289,177.2611,731.1801,221.4642,6.0076,1.4562,1.6027,3.8734,3.1425,1.6275,26.1289,-7.8943,-8.0120
94,2,635.4177,177.5840,668.0132,204.3142,4.8773,1.3953,1.4972,3.2688,2.2334,1.6675,39.9121,-7.8904,-7.9454
94,2,893.1637,177.7350,976.6251,208.9019,0.8534,1.4584,1.4997,3.5084,16.1912,1.7150,36.1564,-5.4170,-5.8345
95,2,779.9624,172.1904,1034.0652,328.3305,8.6891,1.6529,1.6586,4.0054,3.5733,1.6455,9.6636,-7.8825,-8.2257
95,2,666.2321,176.6842,724.1025,219.3624,6.5414,1.4866,1.6214,3.9483,3.1212,1.6428,27.4893,-7.8849,-7.9961
95,2,634.1266,177.8592,665.4404,203.6788,3.8555,1.3937,1.5490,3.2272,2.2003,1.6905,41.2066,-7.8730,-7.9255
95,2,920.0701,169.6842,987.3994,198.6648,-1.1789,1.3944,1.6128,3.8742,17.4146,1.2416,36.5779,-6.9790,-7.4200
96,2,767.6698,171.5836,986.4692,312.1047,8.5777,1.6561,1.6085,4.0306,3.5437,1.6409,10.5406,-7.8815,-8.1963
96,2,663.3812,176.5595,717.3399,217.1114,5.7139,1.4886,1.5937,3.9102,3.0943,1.6466,28.8301,-7.8876,-7.9928
96,2,632.4724,177.7587,662.5077,202.4184,3.4020,1.3732,1.5207,3.3452,2.1397,1.6735,42.5405,-7.8769,-7.9263
96,2,876.9188,177.6227,958.1061,206.9991,1.0502,1.4005,1.4879,3.5345,15.6129,1.6560,36.8500,-2.2341,-2.6315
96,2,1117.2651,211.9215,1241.0000,374.0000,0.8920,1.4912,1.6060,3.8478,3.6790,1.7138,2.1506,-7.9088,-8.8915
97,2,754.8602,171.3899,950.3153,298.5349,8.9456,1.6577,1.6367,4.0325,3.5242,1.6383,11.4479,-7.8849,-8.1752
97,2,659.9580,176.1939,711.7968,214.5407,5.7244,1.4843,1.6503,3.9220,3.0687,1.6332,30.2580,-7.8832,-7.9827
97,2,631.0751,177.4063,660.3434,201.4031,3.4249,1.3789,1.5080,3.1825,2.0951,1.6645,43.6916,-7.8880,-7.9352
97,2,1038.8944,199.6436,1241.0000,374.0000,2.1039,1.4668,1.6406,3.8190,3.6626,1.6450,2.8632,-7.9009,-8.7586
97,2,873.0992,178.6727,949.6412,208.7019,1.6357,1.4390,1.4714,3.3253,15.3770,1.7514,37.0173,-2.2425,-2.6329
98,2,745.3268,171.8206,916.6998,287.2522,9.2795,1.6581,1.6289,3.9493,3.4999,1.6429,12.3608,-7.8818,-8.1504
98,2,656.9969,175.8983,705.8834,212.9167,6.1918,1.5065,1.6328,3.9644,3.0297,1.6484,31.7013,-7.8859,-7.9797
98,2,978.8985,196.9552,1241.0000,374.0000,3.1924,1.4499,1.6176,3.5467,3.6152,1.6359,3.7930,-7.8683,-8.5907
98,2,865.7402,177.7459,942.6329,208.0885,2.7070,1.4739,1.4601,3.4144,15.1696,1.7394,37.4176,-2.2412,-2.6232
98,2,630.1153,176.6958,657.1387,200.2439,2.0130,1.4023,1.4916,3.2474,2.0387,1.6510,45.1345,-7.8683,-7.9127
99,2,736.0784,171.1006,891.1519,278.0487,8.9496,1.6726,1.6261,4.0358,3.4915,1.6449,13.3237,-7.8811,-8.1310
99,2,654.3491,176.7395,700.9747,211.2684,6.4451,1.4642,1.6327,4.0012,2.9963,1.6529,33.0795,-7.8873,-7.9763
99,2,928.7741,195.1636,1241.0000,374.0000,3.2831,1.4458,1.5980,3.6920,3.6059,1.6455,4.6166,-7.8607,-8.4922
99,2,858.2780,176.3425,934.9835,207.4497,3.0747,1.5299,1.4443,3.4695,14.8896,1.7206,37.7036,-2.2341,-2.6071
99,2,627.5536,176.7188,654.8555,199.5970,1.3229,1.4025,1.4794,3.3818,1.9473,1.6607,46.5335,-7.8945,-7.9356
100,2,727.7766,171.6109,868.0435,269.7919,8.7407,1.6674,1.6371,4.0181,3.4731,1.6460,14.2832,-7.8795,-8.1123
100,2,651.2404,176.6866,695.5105,209.4887,5.7787,1.4575,1.6004,3.8719,2.9304,1.6509,34.4928,-7.9011,-7.9845
100,2,892.1713,193.0879,1241.0000,374.0000,5.7485,1.4173,1.5692,3.3461,3.5830,1.6210,5.5947,-7.8642,-8.4091
100,2,850.0426,176.1251,928.9218,206.8573,3.8088,1.5224,1.4921,3.6403,14.6455,1.7033,38.0532,-2.2138,-2.5782
100,2,626.9843,176.7420,652.7642,199.0392,1.4031,1.4050,1.4798,3.4157,1.9156,1.6715,47.7922,-4.7377,-4.7771
101,2,719.7613,171.5760,847.7504,262.4818,9.1628,1.6674,1.6382,3.9728,3.4443,1.6436,15.2446,-7.8842,-8.1013
101,2,860.6079,192.0957,1241.0000,374.0000,6.7864,1.3903,1.5484,3.3930,3.5728,1.6092,6.5245,-7.8543,-8.3353
101,2,649.2577,176.1885,691.0555,208.0488,4.9721,1.4856,1.5955,3.9037,2.9095,1.6610,36.0448,-7.8982,-7.9775
101,2,844.9590,176.3534,922.0750,206.1230,3.4245,1.4853,1.4809,3.6005,14.4375,1.6800,38.3301,-2.2079,-2.5652
101,2,624.0666,176.2008,652.0801,198.0397,2.1205,1.4185,1.5276,3.4245,1.8490,1.6545,49.1717,-7.9286,-7.9655
101,2,1186.9021,190.5585,1241.0000,374.0000,-1.2746,1.4828,1.6429,3.7728,7.0982,1.6899,6.4327,-4.4963,-5.3075
102,2,712.1380,171.6981,830.0201,256.0793,8.5039,1.6624,1.6234,3.9873,3.4127,1.6394,16.2386,-7.8923,-8.0949
102,2,835.0876,191.9531,1162.2881,374.0000,8.4036,1.3857,1.5641,3.3184,3.5743,1.6264,7.4378,-7.8618,-8.2932
102,2,840.9346,176.3327,915.5189,205.2276,4.7034,1.4537,1.4438,3.5299,14.2583,1.6484,38.5986,-2.1988,-2.5497
102,2,647.2628,176.0574,686.2177,206.7345,4.4870,1.4940,1.5585,3.7577,2.8562,1.6685,37.4521,-7.9001,-7.9751
102,2,624.3537,176.3239,649.5082,197.2150,2.0811,1.3923,1.4977,3.3439,1.8193,1.6423,50.3513,-7.8942,-7.9297
102,2,1128.5118,183.1311,1241.0000,374.0000,1.9591,1.4856,1.6547,4.0763,7.5187,1.6188,7.3204,-7.8698,-8.6479
103,2,706.8102,171.7442,812.9888,250.5299,8.3786,1.6658,1.5998,3.9599,3.3905,1.6420,17.2602,-7.8861,-8.0759
103,2,813.3036,190.0104,1084.2944,347.7284,7.8166,1.3860,1.5595,3.3185,3.5628,1.6244,8.3698,-7.8632,-8.2519
103,2,644.2482,176.0080,682.2419,205.1882,4.7452,1.4802,1.6302,3.9401,2.7907,1.6592,39.0288,-7.8888,-7.9591
103,2,836.7946,176.7069,909.5077,204.6284,3.7621,1.4147,1.3958,3.4701,14.0846,1.6315,38.8554,-2.2261,-2.5710
103,2,1078.4414,183.9949,1241.0000,360.2283,3.6526,1.4636,1.6900,4.0661,7.5472,1.6233,8.3096,-7.8838,-8.6029
103,2,620.4707,175.7179,647.7537,196.6119,1.0680,1.4342,1.5197,3.3002,1.6682,1.6460,51.7180,-7.9564,-7.9880
103,2,706.5786,171.0639,786.2570,206.7937,-2.0149,1.5196,1.7160,3.8663,6.1801,1.4431,32.6762,-7.0904,-7.2753
104,2,700.3868,172.3325,799.2155,245.3422,8.5680,1.6485,1.6135,4.0082,3.3634,1.6365,18.3210,-7.8859,-8.0638
104,2,795.2225,188.5003,1023.6688,327.0753,8.4883,1.3996,1.5576,3.3525,3.5567,1.6383,9.3447,-7.8568,-8.2089
104,2,641.5866,176.2161,678.5491,204.0546,5.6183,1.4716,1.6363,3.9118,2.7318,1.6698,40.6140,-7.8994,-7.9656
104,2,1035.4282,183.4376,1241.0000,334.5434,4.3056,1.4491,1.6471,4.1149,7.4846,1.6154,9.2829,-7.8732,-8.5357
104,2,831.2026,176.8365,904.2693,204.2172,3.2131,1.3934,1.3854,3.5584,13.8756,1.6190,39.0965,-2.2080,-2.5463
104,2,622.8679,175.9459,645.6660,195.7630,1.0513,1.3979,1.5019,3.3628,1.7306,1.6325,53.1221,-4.7310,-4.7630
105,2,779.1401,186.7028,978.5712,310.4096,8.5130,1.4108,1.5656,3.3693,3.5495,1.6406,10.2983,-7.8624,-8.1844
105,2,695.2144,171.8284,786.9670,241.6126,8.3390,1.6775,1.6229,4.0117,3.3436,1.6526,19.3740,-7.8837,-8.0513
105,2,999.2621,181.6391,1241.0000,318.3147,6.2626,1.4736,1.6545,4.2534,7.5041,1.6240,10.2181,-7.8977,-8.5168
105,2,639.5843,175.7048,674.6614,202.8795,4.7851,1.4960,1.6274,3.9948,2.6704,1.6704,42.1768,-7.8955,-7.9578
105,2,827.8071,176.6415,899.9689,203.8682,3.5938,1.3963,1.3766,3.5585,13.7594,1.6122,39.3586,-2.2007,-2.5342
105,2,619.7209,175.8652,643.2947,195.2786,-0.7559,1.4068,1.4490,3.3153,1.5702,1.6412,54.5213,-7.9260,-7.9543
106,2,767.9003,184.7969,940.3050,295.9467,9.0496,1.4250,1.5624,3.2772,3.5540,1.6380,11.2460,-7.8591,-8.1566
106,2,971.7885,180.5395,1241.0000,301.8263,7.7862,1.4759,1.6503,4.2099,7.4960,1.6174,11.1846,-7.8911,-8.4687
106,2,690.7059,171.9944,775.3006,237.4933,7.6969,1.6699,1.6071,4.0174,3.3158,1.6477,20.4250,-7.8810,-8.0389
106,2,638.6059,175.6936,671.8027,201.5634,4.8834,1.4807,1.6285,3.9410,2.6599,1.6604,43.7356,-7.8893,-7.9492
106,2,824.6854,176.4634,894.9387,203.8275,3.2277,1.4120,1.4074,3.4560,13.5980,1.6185,39.5247,-2.1940,-2.5227
106,2,619.7382,175.8292,641.7051,194.6229,-0.1415,1.3988,1.4677,3.3657,1.5539,1.6363,55.9583,-4.7541,-4.7813
107,2,754.6812,184.5022,908.4124,284.4489,9.1946,1.4109,1.5618,3.3066,3.5264,1.6349,12.2338,-7.8637,-8.1369
107,2,945.2948,180.5550,1210.7697,289.0771,8.3391,1.4664,1.6592,4.1928,7.4608,1.6187,12.1729,-7.8859,-8.4243
107,2,685.8685,172.0370,766.0797,234.2768,7.7325,1.6814,1.6294,4.0505,3.3022,1.6591,21.5413,-7.8838,-8.0331
107,2,637.1092,175.2372,668.6011,200.4505,4.5541,1.5005,1.6219,3.9189,2.6138,1.6563,45.2986,-7.8856,-7.9424
107,2,819.7462,175.7414,891.9514,204.2702,2.7208,1.4827,1.3953,3.6280,13.4561,1.6490,39.7598,-2.1947,-2.5184
107,2,620.8109,175.7109,640.3082,194.8415,0.3073,1.4637,1.4997,3.4502,1.6338,1.6980,57.4875,-4.6679,-4.6957
108,2,922.6896,180.5486,1155.7699,278.9126,8.8401,1.4591,1.6520,4.2040,7.4404,1.6218,13.1620,-7.8845,-8.3887
108,2,745.3744,182.9586,880.4507,274.4584,8.5624,1.4286,1.5472,3.2815,3.5254,1.6373,13.2732,-7.8585,-8.1116
108,2,680.9721,171.9687,756.1393,230.5572,6.6625,1.6732,1.6150,3.9911,3.2542,1.6477,22.6310,-7.8917,-8.0319
108,2,634.2068,174.9648,665.4025,199.2074,4.5473,1.4976,1.6433,3.9425,2.5135,1.6404,46.9265,-7.8975,-7.9502
108,2,817.4064,175.7410,887.9253,204.1425,3.9147,1.4843,1.4860,3.4973,13.3474,1.6513,39.9446,-2.1846,-2.5044
108,2,618.1472,174.8507,640.2722,193.8921,-1.9830,1.4995,1.6384,3.9227,1.5206,1.6685,59.2112,-7.8722,-7.8974
109,2,902.8650,180.3546,1111.4526,270.5466,8.9938,1.4596,1.6635,4.2543,7.4500,1.6291,14.1842,-7.8822,-8.3566
109,2,735.7092,183.0694,858.9529,266.3730,8.0318,1.4117,1.5570,3.2912,3.5154,1.6370,14.2851,-7.8632,-8.0987
109,2,677.2033,172.3081,747.9296,227.9619,7.1038,1.6723,1.6075,4.0176,3.2271,1.6556,23.7188,-7.8924,-8.0252
109,2,631.8507,175.1343,662.5266,198.2067,4.6859,1.4712,1.6348,4.0759,2.4249,1.6308,48.5004,-7.9085,-7.9577
109,2,814.1957,175.4123,883.4112,203.9801,4.4296,1.5014,1.3935,3.5315,13.1845,1.6499,40.1051,-2.1685,-2.4835
109,2,616.9152,174.2886,638.3285,192.2459,-0.8463,1.4521,1.4565,3.5750,1.4260,1.5757,60.4732,-4.7838,-4.8069
110,2,726.6014,182.1377,839.1102,259.2899,8.2821,1.4195,1.5837,3.2912,3.4897,1.6375,15.3216,-7.8591,-8.0780
110,2,885.0135,179.5152,1068.6428,262.8542,8.1809,1.4693,1.6192,4.1923,7.4027,1.6288,15.1825,-7.8875,-8.3328
110,2,672.9261,172.3223,739.7469,225.4560,7.8368,1.6820,1.6143,3.9750,3.1819,1.6649,24.8604,-7.8957,-8.0208
110,2,811.5275,175.6420,880.9009,204.2896,5.2795,1.5118,1.4260,3.5293,13.1030,1.6743,40.2908,-2.1830,-2.4949
110,2,630.9235,174.8679,659.8480,197.7259,3.8169,1.5077,1.6360,3.9542,2.3795,1.6525,49.9584,-7.8985,-7.9453
111,2,869.4615,179.4392,1034.4697,256.3643,8.3275,1.4653,1.6302,4.1731,7.3968,1.6323,16.2148,-7.8832,-8.3036
111,2,718.6357,181.4207,821.1591,252.7997,7.7453,1.4207,1.5743,3.2539,3.4649,1.6344,16.3895,-7.8649,-8.0687
111,2,670.1312,172.3103,732.9481,222.2227,7.5092,1.6578,1.6016,3.9744,3.1653,1.6395,25.9845,-7.8953,-8.0145
111,2,809.4851,175.6220,877.9388,203.9585,4.5594,1.5014,1.4483,3.4996,13.0147,1.6634,40.4488,-2.1653,-2.4740
111,2,628.9922,174.2720,658.1360,196.6647,2.9972,1.5279,1.6804,3.6143,2.3213,1.6321,51.3247,-7.9180,-7.9625
111,2,909.8271,169.2697,1007.4375,212.1812,-2.0108,1.4131,1.6084,3.6898,12.3147,1.2948,25.5167,-6.9325,-7.3772
112,2,854.4537,178.9904,1005.8969,250.5718,8.4044,1.4667,1.6596,4.1970,7.3941,1.6313,17.2698,-7.8834,-8.2810
112,2,712.1119,181.5594,805.6344,247.4282,7.4584,1.4060,1.5571,3.2836,3.4507,1.6366,17.4871,-7.8642,-8.0549
112,2,667.3986,172.0585,727.3262,220.8006,7.2265,1.6954,1.6387,3.9533,3.1550,1.6675,27.1023,-7.8893,-8.0033
112,2,807.1904,175.5353,875.0230,203.8067,4.1358,1.5043,1.4558,3.4708,12.9137,1.6616,40.5848,-2.1695,-2.4750
112,2,627.4162,174.4308,655.0342,195.9781,2.3680,1.5146,1.6337,3.9022,2.2278,1.6346,53.0081,-7.9133,-7.9547
113,2,841.1081,179.0249,978.8639,245.5083,8.5443,1.4571,1.6516,4.2157,7.3745,1.6319,18.3387,-7.8811,-8.2572
113,2,706.0552,180.5389,792.1884,242.7276,7.1363,1.4281,1.5590,3.2156,3.4376,1.6430,18.5869,-7.8670,-8.0463
113,2,664.1526,171.7209,720.4061,218.3625,7.0210,1.6970,1.6093,3.9854,3.1028,1.6555,28.2739,-7.8907,-7.9982
113,2,804.9436,175.4673,873.3153,203.5545,4.7838,1.4977,1.4410,3.5573,12.8372,1.6516,40.7039,-2.1565,-2.4595
113,2,626.1600,175.0219,651.4888,195.4173,2.7975,1.4764,1.5973,3.6776,2.1169,1.6455,54.5050,-7.9007,-7.9389
114,2,829.3468,178.6106,954.7570,241.0008,8.1693,1.4590,1.6259,4.2252,7.3512,1.6304,19.3992,-7.8798,-8.2364
114,2,700.1194,180.3919,780.3133,238.0588,7.3251,1.4102,1.5538,3.2874,3.4203,1.6333,19.7323,-7.8687,-8.0370
114,2,661.3123,170.9978,714.9849,216.6696,6.5550,1.7337,1.6121,3.9068,3.0658,1.6629,29.3737,-7.8939,-7.9963
114,2,802.5466,175.1798,869.7137,202.4316,3.4959,1.4597,1.3882,3.5302,12.7042,1.5969,40.8154,-2.1636,-2.4629
114,2,624.2765,174.4812,649.2418,194.6607,1.3360,1.5088,1.6298,3.7301,2.0233,1.6395,56.1580,-7.9016,-7.9370
114,2,855.6409,168.9243,929.9171,211.3905,-1.8047,1.4511,1.5408,3.6294,10.2527,1.3165,26.5233,-7.7789,-8.1437
115,2,818.0365,178.3562,933.5834,237.2943,8.3107,1.4649,1.6090,4.2078,7.3212,1.6368,20.4597,-7.8862,-8.2246
115,2,694.4432,180.6948,769.7200,234.3186,7.4193,1.3915,1.5703,3.2893,3.3956,1.6359,20.8643,-7.8699,-8.0283
115,2,657.6141,171.7566,710.3464,215.0986,7.2283,1.7123,1.6220,4.1157,3.0203,1.6686,30.6000,-7.9027,-7.9995
115,2,800.6071,175.7023,869.6114,202.6122,3.1139,1.4394,1.4421,3.6490,12.6758,1.6082,40.9217,-2.1512,-2.4491
115,2,622.3732,174.2704,648.0646,193.7007,2.7242,1.4938,1.6297,3.8812,1.9586,1.6108,57.7604,-7.9310,-7.9644
116,2,807.3011,179.0977,916.9268,233.4767,8.2313,1.4231,1.6551,4.3094,7.3235,1.6283,21.5625,-7.8846,-8.2072
116,2,690.0091,180.3309,759.5142,231.1880,6.9949,1.4001,1.5443,3.2418,3.3697,1.6445,21.9794,-7.8726,-8.0219
116,2,655.4285,171.6623,705.8427,213.2159,6.7967,1.7065,1.6401,4.1130,2.9921,1.6572,31.7216,-7.8978,-7.9904
116,2,800.4801,175.7593,867.4429,202.3079,3.5273,1.4254,1.4478,3.4955,12.6407,1.5977,41.0001,-2.1647,-2.4614
116,2,622.4813,174.2964,645.6132,193.1024,1.3373,1.4866,1.6187,3.6940,1.9181,1.6084,59.2043,-7.8967,-7.9286
117,2,797.5450,177.7168,899.2322,230.4759,8.2562,1.4705,1.6132,4.2946,7.3006,1.6378,22.6929,-7.8982,-8.2051
117,2,685.7570,179.4873,750.4273,227.6628,7.4205,1.4073,1.5548,3.2830,3.3515,1.6353,23.1811,-7.8636,-8.0046
117,2,653.5211,171.8873,700.6768,211.8911,6.1608,1.7083,1.6248,3.9635,2.9468,1.6668,32.8254,-7.8936,-7.9818
117,2,800.3270,175.9268,868.4697,203.2817,1.9962,1.4643,1.4979,3.5742,12.6503,1.6466,40.9639,-2.1351,-2.4322
117,2,618.9837,174.3916,643.6735,193.1051,1.9462,1.5195,1.6125,3.7432,1.7431,1.6530,60.8474,-7.9530,-7.9811
118,2,650.2417,172.1588,696.6487,210.5818,7.0506,1.7035,1.6604,4.0535,2.8889,1.6724,34.0521,-7.8982,-7.9816
118,2,790.3386,177.5088,882.8491,227.4880,6.7391,1.4666,1.6076,4.2414,7.2645,1.6330,23.7124,-7.8805,-8.1737
118,2,681.3654,178.9552,742.4846,225.1292,6.7213,1.4238,1.5465,3.2752,3.3215,1.6432,24.3351,-7.8705,-8.0038
118,2,618.8042,174.1597,642.0060,192.2069,1.8704,1.5069,1.5882,3.5189,1.7118,1.6227,62.3352,-7.9468,-7.9738
118,2,801.1993,176.9172,869.0480,204.7493,-1.0475,1.4870,1.5399,3.5109,12.7036,1.7282,40.9951,-2.1404,-2.4384
119,2,781.2233,177.6910,869.8387,224.7160,7.3517,1.4491,1.6217,4.1862,7.2354,1.6293,24.8014,-7.9011,-8.1812
119,2,676.6736,179.0106,735.0294,222.1593,7.0314,1.3999,1.5358,3.2896,3.2824,1.6319,25.5529,-7.8841,-8.0097
119,2,648.6963,172.5064,692.1146,209.2919,6.3314,1.6929,1.6308,3.8888,2.8473,1.6766,35.1828,-7.8967,-7.9762
119,2,801.4272,176.6631,869.7220,204.6456,1.2847,1.4945,1.5833,3.5122,12.7193,1.7206,40.9650,-2.1323,-2.4308
119,2,616.9076,174.2592,640.3453,191.6702,0.8329,1.4909,1.6207,3.5837,1.6003,1.6188,63.9521,-7.9591,-7.9836
119,2,649.6283,160.4594,707.5818,182.7253,-1.3109,1.7215,1.8122,4.3339,5.3383,0.7629,56.7787,-6.3239,-6.4169
119,2,673.1509,177.0016,740.5842,215.6129,-1.4763,1.4918,1.6790,4.0927,3.9634,1.6792,30.4990,-4.8816,-5.0090
120,2,673.5297,179.0342,728.0022,220.0615,7.6801,1.3999,1.5480,3.2231,3.2575,1.6426,26.7381,-7.8750,-7.9943
120,2,774.0914,177.2149,856.7522,222.2186,7.1682,1.4558,1.5938,4.2686,7.2147,1.6253,25.9264,-7.8962,-8.1641
120,2,645.8636,172.6375,689.1422,207.9776,6.3765,1.6842,1.6533,3.8768,2.8019,1.6736,36.3692,-7.9128,-7.9886
120,2,801.1566,175.7797,869.3752,203.0982,2.5235,1.4646,1.5473,3.4498,12.6965,1.6377,40.9285,-2.2009,-2.4992
120,2,616.6502,174.4588,638.9872,191.5794,0.1191,1.5026,1.6157,3.6686,1.5703,1.6524,65.5828,-7.9447,-7.9682
120,2,660.6677,160.2960,706.8873,181.1748,-1.3366,1.6548,1.8019,3.4705,5.8963,0.6592,58.1786,-6.3358,-6.4361
121,2,670.5297,178.6672,722.8183,217.8226,7.1448,1.4004,1.5686,3.2721,3.2535,1.6386,27.9483,-7.8741,-7.9882
121,2,767.7615,176.4889,844.8705,219.9059,6.6074,1.4772,1.6205,4.1631,7.1942,1.6236,27.0122,-7.8897,-8.1467
121,2,644.1915,172.3518,684.6534,207.0050,5.9193,1.7076,1.6254,4.0292,2.7417,1.6825,37.6038,-7.8998,-7.9715
121,2,800.5578,175.5323,868.0131,203.2564,3.4268,1.4890,1.4284,3.5593,12.6542,1.6478,40.9931,-2.1537,-2.4507
121,2,617.3018,174.6375,636.7633,191.3909,0.4443,1.5083,1.6340,3.6865,1.5411,1.6788,67.2207,-7.8788,-7.9012
122,2,760.3914,176.9816,834.1856,217.8153,6.9275,1.4498,1.6331,4.2123,7.1662,1.6230,28.1892,-7.8953,-8.1411
122,2,666.6875,178.1224,716.0703,215.3537,5.8552,1.3986,1.5393,3.2085,3.1941,1.6233,29.1926,-7.8855,-7.9928
122,2,642.3643,172.7366,681.5571,205.5512,5.7854,1.6730,1.6381,3.9105,2.7022,1.6667,38.7788,-7.9032,-7.9718
122,2,800.8104,175.0011,867.4493,203.4450,4.0078,1.5315,1.4191,3.5126,12.6449,1.6587,40.9875,-2.1516,-2.4484
122,2,616.1164,174.0739,634.4980,191.1110,-0.8057,1.5767,1.6915,3.7800,1.4668,1.6963,68.9724,-4.6732,-4.6941
123,2,641.3865,172.7875,678.3519,204.7919,5.7983,1.6869,1.6229,3.8770,2.6783,1.6831,40.0024,-7.8959,-7.9618
123,2,754.4170,176.7461,823.4891,215.8423,5.7674,1.4468,1.5842,4.2037,7.1144,1.6158,29.2621,-7.8998,-8.1355
123,2,663.8014,178.5371,711.2303,214.5197,5.5244,1.4077,1.5615,3.2455,3.1687,1.6597,30.3909,-7.8820,-7.9843
123,2,802.0128,174.9927,867.6547,203.1790,4.6998,1.5171,1.3978,3.4499,12.6709,1.6435,40.9369,-2.1531,-2.4508
123,2,1167.2181,175.4802,1241.0000,374.0000,0.9003,1.5829,1.6521,4.0073,6.7317,1.6120,5.9870,-4.5759,-5.3949
124,2,748.3833,176.1236,814.6921,214.2647,6.5173,1.4735,1.6244,4.3048,7.0934,1.6209,30.4299,-7.8918,-8.1181
124,2,660.7880,178.4454,706.9505,212.8983,5.2963,1.4040,1.5667,3.2218,3.1395,1.6612,31.5781,-7.8943,-7.9919
124,2,640.7072,173.0536,675.7131,203.6246,4.7391,1.6639,1.6176,3.8830,2.6737,1.6756,41.2645,-7.8867,-7.9505
124,2,800.6148,175.2911,867.6772,202.8100,4.3280,1.4794,1.3929,3.5671,12.6468,1.6239,40.9963,-2.1502,-2.4470
124,2,1100.4856,57.7688,1241.0000,374.0000,1.8652,2.2207,1.9631,5.3534,7.0710,1.6321,6.3650,-7.8539,-8.6683
125,2,743.0518,176.6226,806.1013,212.6572,5.7086,1.4468,1.6375,4.1491,7.0578,1.6222,31.5208,-7.8992,-8.1169
125,2,658.2103,178.1440,702.7419,210.9471,5.1179,1.3901,1.5876,3.2705,3.1097,1.6423,32.7762,-7.8910,-7.9842
125,2,800.8595,174.9736,867.9991,202.6692,4.4760,1.4907,1.4023,3.5427,12.6601,1.6163,40.9828,-2.1633,-2.4605
125,2,637.2117,172.8463,672.4175,202.3049,3.9455,1.6536,1.6143,3.8028,2.5551,1.6529,42.4489,-7.9139,-7.9731
125,2,1058.9167,121.9871,1241.0000,374.0000,2.9210,2.0290,1.8199,4.3737,7.0598,1.6367,7.7575,-7.8658,-8.5846
126,2,738.0339,176.1771,797.0520,211.7690,7.2094,1.4859,1.5839,4.1712,7.0006,1.6457,32.6390,-7.8998,-8.1087
126,2,655.9044,178.0267,697.8366,209.9782,6.2584,1.4083,1.5765,3.3021,3.0641,1.6639,34.0181,-7.8835,-7.9720
126,2,799.4561,175.2343,867.0849,202.6568,4.4546,1.4755,1.3696,3.6245,12.6088,1.6168,41.0388,-2.1564,-2.4521
126,2,635.7555,172.7826,669.3665,201.6253,4.3152,1.6717,1.6724,4.0235,2.5055,1.6672,43.8581,-7.8876,-7.9438
126,2,1018.7281,126.9559,1241.0000,354.9478,3.7020,2.0702,1.8484,4.3392,7.0658,1.6531,8.7330,-7.8669,-8.5300
127,2,654.0027,177.5354,693.5399,208.5663,6.7426,1.4216,1.5789,3.2152,3.0241,1.6600,35.1691,-7.8743,-7.9588
127,2,980.5629,132.9991,1241.0000,334.3118,6.0639,2.0617,1.9181,4.5688,7.0977,1.6532,9.6955,-7.8772,-8.4939
127,2,732.7618,176.5356,789.9128,209.5216,5.4950,1.4264,1.6477,4.1719,6.9647,1.6093,33.7912,-7.8941,-8.0951
127,2,800.3376,175.3651,867.1702,202.8748,4.8086,1.4790,1.4000,3.5366,12.6242,1.6278,40.9911,-2.1564,-2.4527
127,2,634.8917,173.1212,666.8604,201.2113,3.8824,1.6769,1.6274,3.8641,2.4768,1.6940,45.0739,-7.8937,-7.9478
128,2,651.2240,177.4998,689.9758,207.3585,7.0155,1.4177,1.5812,3.2838,2.9774,1.6628,36.4429,-7.8855,-7.9658
128,2,728.0247,176.7265,783.3074,208.8149,6.5398,1.4361,1.6124,4.2140,6.9381,1.6350,34.9597,-7.9097,-8.1035
128,2,952.7839,142.0543,1241.0000,312.6422,5.8772,1.9983,1.8280,4.5168,7.0408,1.6372,10.7188,-7.8627,-8.4306
128,2,800.3254,175.2317,867.4224,203.0370,4.9231,1.4965,1.4180,3.5420,12.6399,1.6375,41.0197,-2.1573,-2.4538
128,2,631.9983,172.6769,664.3387,199.9862,3.2122,1.6798,1.6094,3.7848,2.3759,1.6687,46.3293,-7.9269,-7.9774
129,2,927.9581,141.7430,1224.2151,296.0152,8.7934,2.0205,1.8467,4.5160,7.0551,1.6127,11.7205,-7.8679,-8.3979
129,2,649.4751,177.6135,686.5436,206.3931,5.8658,1.4142,1.5909,3.2684,2.9469,1.6732,37.6569,-7.8793,-7.9563
129,2,722.8066,176.1437,776.1982,207.5436,5.5617,1.4601,1.6498,4.2586,6.8768,1.6346,36.1742,-7.9059,-8.0918
129,2,800.1920,175.2841,867.3919,202.6198,4.5247,1.4693,1.4089,3.5638,12.6254,1.6133,40.9918,-2.1506,-2.4469
129,2,629.9036,172.9170,661.8644,199.4742,3.4761,1.6821,1.6180,3.8573,2.2981,1.6862,47.6992,-7.9353,-7.9827
130,2,904.4794,146.9769,1163.7760,285.5016,8.7577,2.0112,1.8623,4.5312,7.0396,1.6352,12.7562,-7.8703,-8.3641
130,2,718.5409,176.1819,769.9243,206.6169,5.5144,1.4626,1.6294,4.3374,6.8371,1.6448,37.3686,-7.9101,-8.0891
130,2,647.4623,177.3825,682.6990,204.9897,5.2544,1.4050,1.5428,3.1516,2.8895,1.6586,38.8495,-7.8913,-7.9645
130,2,800.0791,175.2730,867.2723,203.1037,4.6376,1.4965,1.3933,3.5657,12.6195,1.6399,40.9930,-2.1578,-2.4540
130,2,629.9173,172.5760,659.6282,198.4905,3.7610,1.6881,1.6422,4.0014,2.2907,1.6697,49.0391,-7.9009,-7.9468
131,2,886.1403,148.2186,1114.8187,275.2054,9.0946,2.0220,1.8492,4.4996,7.0383,1.6294,13.7578,-7.8752,-8.3387
131,2,714.7119,175.5501,764.1840,205.3287,5.1278,1.4847,1.6586,4.2216,6.8016,1.6364,38.5205,-7.9118,-8.0848
131,2,799.6852,175.0869,867.4803,203.0830,4.4672,1.5068,1.3860,3.6152,12.6227,1.6393,41.0247,-2.1595,-2.4555
131,2,645.1368,177.4725,680.1080,204.1502,4.3272,1.4004,1.5537,3.1976,2.8476,1.6671,40.0789,-7.9046,-7.9745
131,2,628.9719,172.5909,657.5432,197.4902,2.7868,1.6670,1.6770,3.9134,2.2484,1.6490,50.2900,-7.8886,-7.9326
132,2,868.4796,149.2110,1069.1992,265.8824,9.8758,2.0357,1.8616,4.4740,7.0158,1.6229,14.8366,-7.8648,-8.2981
132,2,710.6895,175.6333,758.7118,204.5405,6.6331,1.4869,1.6628,4.2350,6.7540,1.6479,39.6962,-7.9172,-8.0841
132,2,799.8589,175.1125,868.0515,203.1228,5.3824,1.5060,1.4081,3.6248,12.6357,1.6400,40.9999,-2.1569,-2.4534
132,2,644.2231,177.5544,676.9916,203.0184,4.3021,1.3821,1.5613,3.1112,2.8268,1.6613,41.3249,-7.8861,-7.9534
132,2,627.2245,171.4457,655.5724,196.9447,2.8781,1.7547,1.6485,4.0613,2.1813,1.6575,51.7242,-7.9059,-7.9474
133,2,851.9760,151.8227,1033.2056,259.4836,9.4197,2.0304,1.8494,4.4833,6.9816,1.6335,15.8661,-7.8725,-8.2794
133,2,800.2236,175.4199,867.6613,202.6830,4.9241,1.4654,1.4598,3.5413,12.6435,1.6177,41.0194,-2.1505,-2.4470
133,2,707.5262,175.9162,752.8391,203.7910,4.6881,1.4800,1.6364,4.1363,6.7106,1.6622,40.8911,-7.9174,-8.0784
133,2,642.0881,176.8323,674.5053,201.9536,3.1918,1.4088,1.5847,3.2402,2.7818,1.6527,42.6334,-7.8901,-7.9543
133,2,627.4556,172.0485,652.6961,195.8775,1.1543,1.6850,1.5932,3.9855,2.1463,1.6278,53.0341,-7.8780,-7.9178
134,2,838.1579,153.3182,1001.6057,252.7835,10.1531,2.0246,1.8197,4.5290,6.9817,1.6266,16.9693,-7.8746,-8.2581
134,2,703.4255,175.5372,747.6780,202.2148,5.2317,1.4595,1.6473,4.3079,6.6440,1.6240,42.1166,-7.9153,-8.0702
134,2,799.1210,175.3445,866.5549,202.6138,3.3584,1.4656,1.4011,3.5980,12.5771,1.6134,41.0147,-2.1474,-2.4425
134,2,639.7686,176.4569,671.3182,201.0735,3.1036,1.4269,1.6003,3.1900,2.7030,1.6541,43.9248,-7.8923,-7.9529
134,2,626.6499,172.3332,651.2720,195.5195,1.3890,1.6844,1.6478,3.9830,2.1215,1.6462,54.4177,-7.8660,-7.9043
135,2,826.1175,154.6050,973.9844,247.5277,9.4602,2.0341,1.8364,4.4978,6.9782,1.6343,18.0563,-7.8682,-8.2308
135,2,700.6812,175.2790,742.8290,201.1429,6.0241,1.4603,1.6313,4.2782,6.6149,1.6130,43.3328,-7.9133,-8.0634
135,2,639.9189,176.4147,668.9449,200.3143,2.7971,1.4264,1.5708,3.1259,2.7120,1.6565,45.1088,-7.8704,-7.9296
135,2,624.1359,172.5637,649.6379,194.8641,1.7727,1.6611,1.6724,3.9188,2.0147,1.6392,55.7357,-7.8930,-7.9286
135,2,799.6913,175.6756,865.5650,202.5432,1.4644,1.4455,1.4878,3.4338,12.5827,1.6130,41.0558,-2.1383,-2.4332
136,2,814.0993,155.6696,950.7350,242.4780,8.5947,2.0304,1.8799,4.4612,6.9586,1.6282,19.1207,-7.8684,-8.2118
136,2,698.8764,175.8185,738.0680,200.5659,4.1607,1.4354,1.6578,4.1928,6.5959,1.6266,44.4815,-7.8861,-8.0319
136,2,637.2051,176.5367,666.6999,199.4881,3.2537,1.4118,1.5672,3.1268,2.6387,1.6570,46.4982,-7.9041,-7.9600
136,2,798.0752,175.3187,869.0378,202.7278,0.5534,1.4696,1.5724,3.6987,12.6172,1.6161,41.0197,-2.1500,-2.4460
136,2,623.9420,172.3281,647.5151,193.9487,-0.1734,1.6528,1.6925,3.9603,1.9782,1.6123,57.1446,-7.8619,-7.8960
137,2,802.2081,156.3554,928.5215,238.2484,8.8013,2.0388,1.8342,4.4624,6.9153,1.6278,20.2241,-7.8871,-8.2114
137,2,694.3619,175.9919,733.3032,200.1770,5.1012,1.4415,1.6333,4.2342,6.4902,1.6495,45.7267,-7.9106,-8.0503
137,2,635.5461,176.0732,663.7368,198.6541,2.4807,1.4294,1.5379,3.2241,2.5620,1.6497,47.7924,-7.9025,-7.9553
138,2,793.1990,158.3081,908.8636,234.3752,8.5430,2.0156,1.8616,4.4362,6.9084,1.6298,21.3552,-7.8744,-8.1826
138,2,691.1761,175.2793,728.8226,199.4288,4.5931,1.4840,1.6409,4.2900,6.4204,1.6489,46.9624,-7.9070,-8.0416
138,2,636.1458,176.4925,660.9431,197.5365,2.3181,1.3692,1.5377,3.1432,2.5620,1.6243,49.0691,-7.8471,-7.8985
138,2,619.6078,172.4222,644.3652,192.5403,-1.1035,1.6148,1.6156,3.8072,1.7678,1.5798,59.8819,-7.9412,-7.9702
139,2,784.8212,159.1831,891.4875,230.7401,8.2683,2.0062,1.8358,4.4408,6.8934,1.6226,22.4682,-7.8746,-8.1680
139,2,690.9697,175.6871,724.8162,198.4271,4.7788,1.4338,1.6218,4.1731,6.4470,1.6307,48.1187,-7.8709,-8.0029
139,2,635.6503,175.9434,659.4931,197.1066,3.0025,1.4185,1.5435,3.1861,2.5684,1.6411,50.4363,-7.8396,-7.8898
140,2,776.5392,160.7662,875.1221,227.5751,7.9138,1.9767,1.8065,4.4253,6.8564,1.6188,23.5814,-7.8771,-8.1561
140,2,686.6831,175.1302,721.8156,197.8376,4.5250,1.4726,1.6217,4.0902,6.3599,1.6345,49.3054,-7.9176,-8.0447
140,2,632.6226,174.3201,657.5493,196.1454,1.6642,1.5074,1.5963,3.4594,2.4587,1.6159,51.8031,-4.7192,-4.7659
141,2,768.0853,160.2185,861.2579,224.7030,8.4472,2.0108,1.8447,4.5121,6.8351,1.6165,24.7717,-7.8720,-8.1376
141,2,683.6472,175.0907,717.6182,197.4789,5.1699,1.4893,1.6204,4.2132,6.2735,1.6525,50.5784,-7.9121,-8.0344
141,2,631.6897,175.2621,656.0566,195.5409,1.8401,1.4369,1.5906,3.3522,2.4405,1.6199,53.2152,-7.8684,-7.9136
142,2,761.9421,160.2847,848.2211,221.9937,7.4671,2.0246,1.8274,4.3763,6.8212,1.6119,25.8801,-7.8751,-8.1294
142,2,681.5353,174.9778,714.1909,196.5847,3.6646,1.4747,1.6282,4.1875,6.2306,1.6331,51.7977,-7.9058,-8.0244
142,2,631.9044,175.1319,653.9402,195.1290,2.3097,1.4536,1.5589,3.3455,2.4329,1.6307,54.5176,-7.8392,-7.8831
142,2,798.7463,176.3199,869.4124,205.1993,1.2220,1.5445,1.5299,3.6418,12.6375,1.7503,40.9745,-2.1968,-2.4935
143,2,754.5875,160.9518,836.1933,220.0722,7.6533,2.0350,1.8243,4.4329,6.7867,1.6250,27.0741,-7.8785,-8.1209
143,2,800.8469,175.2498,867.4631,203.2092,3.2816,1.5042,1.4191,3.4897,12.6444,1.6461,40.9766,-2.1658,-2.4626
143,2,629.5598,175.1099,651.8725,195.4477,1.7860,1.5198,1.5828,3.2661,2.3271,1.6995,55.9166,-7.8557,-7.8966
143,2,679.0008,174.7883,711.5955,195.9888,1.7323,1.4855,1.6391,4.2629,6.2049,1.6335,53.1349,-7.9177,-8.0329
143,2,618.9600,172.3619,637.7454,190.7307,-1.0593,1.6611,1.6404,4.0006,1.6634,1.6163,67.2499,-7.8556,-7.8798
144,2,748.1840,161.0714,825.3291,217.8451,7.4517,2.0439,1.8150,4.4367,6.7509,1.6194,28.2197,-7.8825,-8.1144
144,2,803.8611,175.2412,868.3766,203.5574,3.9895,1.5221,1.4551,3.2929,12.7237,1.6629,40.8555,-2.1681,-2.4675
144,2,629.0372,175.4456,650.2151,194.7249,2.0551,1.4775,1.5885,3.1006,2.3017,1.6886,57.2768,-7.8420,-7.8815
144,2,678.2785,174.8401,708.2072,195.3957,1.7018,1.4762,1.5955,3.8408,6.1802,1.6303,54.1576,-7.9111,-8.0237
145,2,742.3599,162.9412,815.4142,215.8256,8.3560,1.9953,1.8473,4.4123,6.7389,1.6210,29.4514,-7.8791,-8.1013
145,2,801.1458,175.1762,867.1588,202.7615,3.9743,1.4847,1.3887,3.4807,12.6436,1.6221,40.9751,-2.1596,-2.4564
145,2,674.9969,174.4523,705.1484,195.0049,2.0743,1.5138,1.6732,4.0528,6.0931,1.6411,55.5328,-7.9052,-8.0135
145,2,627.6960,174.7885,648.9205,193.6170,0.4377,1.4815,1.5701,3.2351,2.2542,1.6430,58.7312,-7.8630,-7.9008
146,2,737.2155,163.1850,805.8254,214.0731,7.0964,2.0032,1.7926,4.6075,6.7264,1.6223,30.7268,-7.8767,-8.0897
146,2,799.5172,175.0322,866.7682,202.7551,4.3821,1.4935,1.3789,3.5644,12.5988,1.6226,41.0212,-2.1728,-2.4684
146,2,671.4893,174.1446,702.2728,194.5177,1.0220,1.5366,1.6637,3.9241,5.9747,1.6413,56.7073,-7.9459,-8.0500
146,2,624.6816,174.8062,647.6420,193.5420,0.2800,1.5070,1.6048,3.4619,2.1297,1.6743,60.1778,-7.9084,-7.9432
147,2,731.6799,163.3531,796.9532,212.3136,6.8591,2.0079,1.8172,4.3391,6.6593,1.6180,31.7893,-7.8868,-8.0909
147,2,799.0754,174.9859,866.3696,202.8937,4.5089,1.5031,1.3590,3.6236,12.5770,1.6296,41.0382,-2.1491,-2.4440
147,2,670.6025,173.4931,699.5915,194.0306,1.7584,1.5902,1.6810,3.7276,5.9642,1.6429,57.9087,-7.9275,-8.0293
147,2,624.5034,175.2737,645.3268,192.3058,0.6119,1.4032,1.4886,3.1004,2.0769,1.6144,61.4880,-7.9130,-7.9462
148,2,726.0204,163.7210,789.0408,210.4251,5.9345,1.9958,1.8523,4.5094,6.6313,1.6052,33.1131,-7.8821,-8.0775
148,2,798.8637,175.2519,866.4724,202.9124,4.5126,1.4900,1.4392,3.5711,12.5893,1.6325,41.0798,-2.1579,-2.4528
148,2,667.7281,173.5659,696.5668,192.9155,1.2016,1.5321,1.6890,3.9594,5.8674,1.5924,59.3202,-7.9305,-8.0283
148,2,622.9673,175.4415,644.4280,192.2058,-0.8388,1.4122,1.5872,3.4836,2.0239,1.6446,63.1106,-7.9052,-7.9367
149,2,721.7731,163.5791,781.9361,209.0101,5.3733,2.0172,1.8388,4.6377,6.6223,1.6051,34.3799,-7.8807,-8.0689
149,2,799.7861,175.0973,866.4852,202.8852,4.5520,1.4972,1.4444,3.4971,12.6031,1.6302,41.0318,-2.1570,-2.4526
149,2,669.5049,174.2641,693.2530,192.4226,1.9006,1.4666,1.5815,3.5693,5.9160,1.5878,60.3528,-4.7270,-4.8239
149,2,621.5578,174.8439,641.9519,191.6207,-0.3063,1.4504,1.5246,3.2008,1.8974,1.6323,64.4147,-7.9177,-7.9467
150,2,718.2332,164.5040,774.5059,207.5638,5.6034,1.9866,1.8216,4.4297,6.5889,1.6011,35.5280,-7.8810,-8.0624
150,2,798.3708,175.2927,865.7722,202.7174,4.6511,1.4779,1.4142,3.5764,12.5605,1.6229,41.0968,-2.1610,-2.4552
150,2,664.4032,173.7231,692.0087,192.1914,2.2452,1.5298,1.7183,4.1725,5.8079,1.6069,62.1064,-7.9203,-8.0127
150,2,621.7629,174.5964,640.9136,191.0821,-1.0484,1.4560,1.5516,3.3305,1.9012,1.6186,65.7682,-7.8826,-7.9111
151,2,713.4099,164.9037,768.3897,206.3285,5.4871,1.9805,1.8616,4.4446,6.5434,1.6001,36.7474,-7.8858,-8.0602
151,2,798.0479,175.5590,865.3707,203.0711,4.1272,1.4815,1.3971,3.5878,12.5414,1.6423,41.1033,-2.1604,-2.4541
151,2,663.1728,173.7351,688.7966,191.8456,0.9560,1.5329,1.7131,4.2048,5.7388,1.6126,63.4112,-7.8918,-7.9813
151,2,620.1132,174.5784,639.5682,191.4254,-0.4650,1.5211,1.5814,3.5848,1.8550,1.6863,67.3856,-4.6178,-4.6448
152,2,710.9295,164.5696,762.0529,205.3638,5.0383,2.0185,1.8123,4.4889,6.5378,1.6083,37.9650,-7.8752,-8.0440
152,2,796.8615,175.3341,863.8192,202.5121,4.5974,1.4692,1.4220,3.5620,12.5012,1.6170,41.2232,-2.1595,-2.4516
152,2,660.6486,174.0897,687.5031,191.2836,1.0995,1.4821,1.7460,4.0997,5.6780,1.5960,64.6080,-7.9296,-8.0166
153,2,707.4577,166.2562,756.4907,204.3921,4.7701,1.9505,1.8422,4.4674,6.5046,1.6127,39.1504,-7.8686,-8.0315
153,2,796.8150,175.4431,862.8976,202.8384,3.7444,1.4809,1.4125,3.5291,12.4731,1.6352,41.2210,-2.1465,-2.4380
153,2,660.9581,173.4433,682.6018,190.9182,0.3608,1.5369,1.6773,3.8206,5.5582,1.5917,65.5097,-4.7011,-4.7850
154,2,702.3767,166.5288,751.2687,203.4480,5.6339,1.9512,1.8620,4.3314,6.4212,1.6166,40.3362,-7.8961,-8.0523
154,2,795.6736,175.0556,861.4759,202.8400,4.5781,1.5080,1.4032,3.5162,12.4276,1.6394,41.3087,-2.1567,-2.4465
154,2,657.2491,173.7352,682.1270,191.2382,0.9628,1.5754,1.7492,4.0216,5.5052,1.6597,67.2117,-7.9152,-7.9962
155,2,699.5759,165.4974,745.9364,202.6056,5.1027,2.0222,1.8165,4.5699,6.3970,1.6210,41.6336,-7.8874,-8.0383
155,2,795.0285,175.1427,860.6815,202.7824,4.9896,1.5027,1.4536,3.4837,12.4120,1.6396,41.3904,-2.1512,-2.4401
155,2,657.8031,172.8133,680.3240,189.5417,-0.2147,1.5389,1.6680,3.8558,5.5440,1.5349,68.3381,-7.8940,-7.9742
156,2,793.0045,175.0709,858.4157,202.7473,4.3982,1.5090,1.4264,3.5193,12.3214,1.6419,41.5026,-2.1451,-2.4313
156,2,695.9089,166.8599,740.9218,201.2752,4.1789,1.9347,1.7827,4.3700,6.3275,1.5974,42.7934,-7.9105,-8.0558
156,2,658.5242,173.1812,676.5190,189.8575,-0.5911,1.5622,1.6842,3.7952,5.5502,1.5943,69.6339,-4.6220,-4.7009
157,2,696.0076,165.6801,735.8813,200.4238,4.3799,2.0126,1.7679,4.3217,6.3601,1.5967,43.9621,-7.8600,-8.0023
157,2,789.8936,175.4807,856.3343,203.0317,3.9022,1.5041,1.4132,3.6166,12.2140,1.6624,41.6516,-2.1547,-2.4376
158,2,691.2151,166.4846,732.1124,200.0923,5.8806,2.0026,1.8202,4.4508,6.2781,1.6228,45.2448,-7.8815,-8.0181
158,2,788.2241,175.2711,854.3078,202.9339,4.3947,1.5164,1.4418,3.5897,12.1459,1.6624,41.7795,-2.1540,-2.4346
159,2,688.1973,166.8966,727.5618,199.2125,5.3841,1.9794,1.8157,4.3551,6.2016,1.6142,46.3980,-7.8840,-8.0156
159,2,785.7144,175.3214,851.6121,202.4961,4.9563,1.4941,1.3864,3.6455,12.0340,1.6436,41.9182,-2.1562,-2.4335
160,2,687.3460,166.5161,723.5118,198.5069,5.9520,2.0157,1.8351,4.3917,6.2158,1.6160,47.6646,-7.8469,-7.9754
160,2,784.1636,175.3954,849.0267,201.9971,5.1516,1.4676,1.3973,3.5914,11.9536,1.6220,42.0513,-2.1515,-2.4262
161,2,682.8586,167.6076,719.8436,197.1755,6.0653,1.9111,1.8281,4.4449,6.1002,1.5717,48.8827,-7.8808,-8.0038
161,2,782.3731,175.6698,845.7012,202.2964,5.1881,1.4748,1.3860,3.5215,11.8517,1.6465,42.2103,-2.1477,-2.4192
162,2,779.3749,176.1455,841.6899,202.1766,4.4564,1.4455,1.3389,3.5605,11.6990,1.6472,42.4050,-2.1270,-2.3940
162,2,681.2787,169.0710,716.6669,197.4996,3.7311,1.8835,1.8039,4.4697,6.0871,1.6326,50.0605,-7.8771,-7.9970
162,2,374.9913,177.4996,409.8772,202.6416,-1.9540,1.5409,1.6955,4.1279,-14.3258,1.8593,47.2757,-5.1276,-4.8346
163,2,774.7421,175.6793,838.1950,201.5046,4.3704,1.4448,1.3535,3.6363,11.5323,1.6190,42.6711,-2.1507,-2.4125
163,2,678.7527,168.6494,713.2134,197.1349,3.3533,1.9344,1.8136,4.5302,6.0267,1.6486,51.2822,-7.8757,-7.9916
164,2,773.1818,175.5038,834.8939,201.4560,4.5489,1.4614,1.4280,3.4938,11.4456,1.6254,42.8684,-2.1361,-2.3949
164,2,675.9035,167.5631,710.3665,196.4286,3.1880,2.0102,1.9079,4.3590,5.9615,1.6415,52.4491,-7.8764,-7.9886
165,2,769.4169,174.8509,831.8773,200.8388,5.8568,1.4752,1.4465,3.5706,11.3155,1.5996,43.1434,-2.1413,-2.3957
165,2,674.9211,167.2760,706.8618,195.4130,3.9355,2.0056,1.7879,4.3675,5.9357,1.6077,53.6349,-7.8767,-7.9859
166,2,766.3223,175.3335,827.7997,200.8944,4.7255,1.4575,1.4652,3.5304,11.1669,1.6128,43.3918,-2.1347,-2.3845
166,2,671.7261,167.2666,704.3963,195.3335,2.9841,2.0506,1.8537,4.5548,5.8734,1.6421,55.0227,-7.8869,-7.9923
167,2,762.4002,174.9719,824.4769,200.9967,5.0688,1.4939,1.5422,3.5854,11.0173,1.6275,43.6663,-2.1169,-2.3621
167,2,673.4883,168.6053,700.8939,195.7026,2.1220,2.0248,1.7593,4.5267,5.9411,1.7070,56.1997,-7.8284,-7.9328
168,2,759.9191,175.9103,818.5760,201.0664,5.1935,1.4492,1.3977,3.4925,10.8176,1.6426,43.8728,-2.1142,-2.3539
168,2,667.9219,167.6562,698.2096,193.6831,2.5949,1.9908,1.8223,4.6224,5.7503,1.5929,57.5260,-7.8816,-7.9803
169,2,757.0031,175.0447,815.1702,200.5058,4.7032,1.4828,1.4377,3.4846,10.7076,1.6224,44.2075,-2.1034,-2.3391
169,2,669.5696,167.4820,695.5710,193.6202,1.8553,2.0419,1.8012,4.4326,5.8280,1.6219,58.6095,-7.8219,-7.9201
170,2,753.7539,174.8305,810.8511,200.4609,4.6054,1.5061,1.4661,3.4276,10.5558,1.6329,44.5346,-2.0980,-2.3288
170,2,664.4890,167.3770,692.8189,193.2794,2.6269,2.0691,1.7999,4.5106,5.6316,1.6313,59.9161,-7.8820,-7.9749
171,2,750.3092,174.7005,806.4491,200.2793,4.7744,1.5140,1.4952,3.4365,10.3849,1.6332,44.8435,-2.0655,-2.2912
171,2,663.5438,167.6916,691.0624,192.6214,1.8145,2.0388,1.8705,4.4835,5.6468,1.6163,61.2592,-7.8644,-7.9556
172,2,746.2212,175.5416,801.8304,200.3463,5.7537,1.4766,1.4801,3.4748,10.2047,1.6519,45.2418,-2.0640,-2.2841
172,2,661.1598,168.0449,688.8295,191.6576,2.1077,1.9696,1.8851,4.4997,5.5594,1.5682,62.4579,-7.8777,-7.9657
173,2,742.1387,174.5680,796.7734,199.9669,4.9189,1.5296,1.4672,3.4922,9.9960,1.6421,45.5942,-2.0520,-2.2660
173,2,660.2097,166.6343,685.5342,189.7209,1.3470,1.9664,1.8771,4.4022,5.4853,1.4363,63.6627,-7.8472,-7.9324
174,2,739.3340,174.8167,791.7299,199.7291,4.9928,1.5130,1.4422,3.3913,9.8273,1.6427,45.9480,-2.0422,-2.2512
174,2,658.9082,167.4955,683.6072,188.7406,1.0313,1.8454,1.7799,4.1406,5.4407,1.3797,64.7642,-7.8749,-7.9580
175,2,735.9292,174.9511,786.3910,199.8365,3.0383,1.5263,1.4223,3.3572,9.6407,1.6660,46.3806,-2.0195,-2.2227
175,2,654.3320,168.6946,680.7281,190.5406,1.7259,1.9385,1.8906,4.7025,5.2309,1.5691,66.4078,-7.8897,-7.9676
176,2,731.3270,174.5513,781.6010,199.1375,3.7883,1.5227,1.3954,3.4880,9.4260,1.6370,46.8224,-2.0072,-2.2042
176,2,654.4555,168.9321,679.0942,190.6831,0.9398,1.9698,1.8242,4.6584,5.2665,1.6143,67.6958,-7.8803,-7.9573
177,2,728.6702,175.5067,777.6179,199.4657,4.0730,1.4948,1.4806,3.3808,9.3022,1.6751,47.2715,-1.9817,-2.1744
177,2,652.1390,168.0443,677.2078,189.4300,1.7375,1.9740,1.8984,4.5919,5.1635,1.5297,68.9274,-7.8870,-7.9611
178,2,725.5378,175.8240,772.7631,199.4894,3.7942,1.4898,1.4418,3.4078,9.1302,1.6936,47.7357,-8.2399,-8.4273
178,2,650.4326,169.3449,673.8535,189.0717,0.6952,1.8562,1.7423,4.7059,5.0223,1.5257,70.2822,-7.8972,-7.9680
179,2,722.2704,175.9210,767.7448,199.3552,4.0179,1.4903,1.4014,3.2857,8.9358,1.7023,48.1408,-8.2530,-8.4350
180,2,717.5446,176.6051,764.2486,199.9194,3.1238,1.4940,1.5427,3.3465,8.7560,1.7563,48.6687,-5.0996,-5.2762
181,2,714.6942,176.2418,760.0172,199.4541,3.6499,1.5054,1.5156,3.5226,8.6192,1.7454,49.2656,-8.1907,-8.3625
182,2,711.2704,175.8583,754.7063,198.8742,2.5869,1.5118,1.4359,3.4191,8.4039,1.7262,49.7292,-1.9240,-2.0900
183,2,707.9890,175.7580,750.9151,197.5412,3.0276,1.4473,1.4848,3.4415,8.2562,1.6570,50.3085,-8.1891,-8.3504
184,2,705.7262,176.2160,748.5778,198.0050,2.4228,1.4621,1.6260,3.5481,8.1959,1.7081,50.9407,-8.1338,-8.2920
185,2,706.1863,177.1749,743.8669,198.2467,1.4805,1.4282,1.5396,3.3786,8.1338,1.7469,51.4588,-8.0639,-8.2194
186,2,701.9190,177.9579,740.2995,199.9074,0.8911,1.5014,1.5557,3.4227,7.9468,1.8824,52.0595,-1.8061,-1.9562
187,2,700.2958,178.9465,735.5568,200.1593,2.9365,1.4633,1.5193,3.4747,7.8103,1.9233,52.6740,-8.0286,-8.1745
188,2,697.3823,180.5236,732.7351,201.0992,2.0754,1.4290,1.5245,3.3672,7.6886,2.0140,53.2600,-8.0571,-8.1992
188,2,481.8697,170.0143,507.6440,195.8534,-1.9540,2.5898,2.0128,6.1399,-12.0087,2.3049,75.4339,-4.7625,-4.6048
189,2,693.8528,181.4051,728.7674,201.8842,3.0168,1.4351,1.5457,3.4780,7.5099,2.0963,53.9636,-8.0426,-8.1796
190,2,692.0137,182.2259,724.0441,202.3700,1.7311,1.4258,1.4481,3.2723,7.3328,2.1550,54.4271,-8.0346,-8.1673
191,2,686.6821,181.6482,720.4606,202.1266,2.1846,1.4668,1.5510,3.5095,7.0867,2.1614,55.1513,-8.0388,-8.1654
192,2,684.6446,181.9813,716.1370,201.6063,3.0307,1.4183,1.4978,3.5470,6.9200,2.1468,55.7482,-8.0069,-8.1293
192,2,471.8692,173.0165,503.1628,198.5807,-0.7078,2.4201,2.1301,5.5580,-12.0321,2.4365,71.1240,-4.7096,-4.5423
193,2,679.3924,182.0018,713.4203,201.8753,1.9324,1.4509,1.5586,3.5859,6.6836,2.1894,56.3567,-8.0650,-8.1819
193,2,467.2719,172.3773,499.5440,200.7013,0.4294,2.6406,2.2485,6.1437,-12.2962,2.5958,70.3712,-4.7426,-4.5698
194,2,677.2751,183.0334,707.7442,202.7027,1.4485,1.4481,1.5395,3.3381,6.4264,2.2730,56.7211,-8.0115,-8.1232
194,2,465.3849,172.9424,493.3288,200.4341,1.2920,2.5202,2.2519,5.6085,-12.4701,2.5287,69.0729,-4.8220,-4.6437
195,2,674.5729,183.6141,704.3080,203.0385,1.6147,1.4394,1.6246,3.5412,6.2538,2.3221,57.3615,-4.8193,-4.9269
195,2,462.2079,174.0846,491.5727,201.0344,1.1921,2.4207,2.1811,5.8140,-12.5181,2.5416,68.0743,-4.7989,-4.6173
196,2,669.4307,184.3923,699.8192,203.7388,2.4274,1.4427,1.5004,3.4342,5.9197,2.3961,57.8111,-8.0410,-8.1420
196,2,458.6226,175.5243,487.7730,204.3097,0.8858,2.5361,2.0796,5.8457,-12.6878,2.7954,67.1276,-4.7970,-4.6105
197,2,668.5767,185.3550,695.7350,204.5135,1.5376,1.4412,1.5183,3.2958,5.7693,2.4800,58.2495,-7.9670,-8.0646
197,2,454.6660,176.6490,480.7981,206.3041,-0.8905,2.5514,2.2281,5.8180,-12.9640,2.9139,65.9192,-4.8867,-4.6928
198,2,664.3741,185.3685,691.9114,205.6154,1.5400,1.5357,1.5744,3.4687,5.4925,2.5860,58.7681,-7.9594,-8.0516
198,2,448.0080,177.0133,480.6582,206.0864,0.7514,2.4567,2.4261,6.1455,-13.0895,2.8500,65.0840,-4.8348,-4.6366
199,2,445.0141,176.1523,476.0690,207.9141,2.1364,2.6495,2.3621,6.1331,-13.2239,2.9567,64.0628,-4.8603,-4.6571
199,2,658.4122,185.9592,688.0704,205.7621,1.3426,1.5058,1.6170,3.5172,5.1294,2.6145,59.1965,-4.8700,-4.9554
200,2,438.9999,177.2405,473.4170,208.3448,2.9438,2.5424,2.2538,5.8394,-13.3450,2.9424,62.8352,-4.8027,-4.5938
200,2,654.1564,187.1044,683.7119,206.1885,2.1005,1.4542,1.5716,3.4761,4.8104,2.6677,59.6018,-8.0389,-8.1185
201,2,433.0154,175.8335,469.4087,208.7197,2.8780,2.6511,2.2994,6.0204,-13.5526,2.9189,61.8280,-4.8010,-4.5856
201,2,652.4228,186.4349,678.8640,205.4815,1.9289,1.4686,1.5510,3.3326,4.5635,2.6282,59.8779,-7.9783,-8.0534
202,2,428.2172,175.3763,464.6168,207.5132,1.7654,2.5456,2.3976,6.0923,-13.7341,2.7690,60.8213,-4.8349,-4.6134
202,2,647.7484,185.7486,674.3436,204.8781,1.3042,1.4877,1.5484,3.3398,4.2087,2.5956,60.2512,-7.9943,-8.0632
203,2,644.8179,185.2882,670.0126,203.2408,0.9240,1.4068,1.4844,3.2836,3.9345,2.4816,60.6607,-7.9899,-8.0539
203,2,425.9940,180.5963,460.1136,204.7486,-1.3699,1.8422,1.9797,4.4916,-13.5787,2.4976,58.8083,-7.9111,-7.6848
204,2,640.3701,183.8378,667.3997,202.6501,2.1750,1.4891,1.5648,3.5039,3.6629,2.4475,61.1279,-8.0107,-8.0697
204,2,420.3799,176.6865,455.9092,205.0875,1.1372,2.1511,2.0907,5.3444,-13.8104,2.4743,58.1568,-7.9532,-7.7207
205,2,414.6521,172.8861,453.8892,205.8715,3.2530,2.4825,2.3199,5.9028,-13.9173,2.4849,57.3746,-4.8268,-4.5895
205,2,639.4577,182.7045,664.4742,200.8189,2.3378,1.4450,1.5480,3.5316,3.5176,2.3081,61.4016,-7.9659,-8.0224
206,2,410.9321,172.4485,450.8408,206.6237,3.8661,2.5168,2.2874,5.9802,-13.9027,2.4866,56.2391,-4.8294,-4.5877
206,2,638.6317,181.1360,662.0790,199.1245,1.7206,1.4515,1.4963,3.4851,3.3987,2.1800,61.6892,-7.9479,-8.0022
207,2,408.2162,170.9208,452.3460,206.3411,2.5572,2.5589,2.2313,6.4552,-13.7331,2.4189,55.4275,-4.7861,-4.5440
207,2,634.2665,180.9857,661.2304,198.8840,1.4526,1.4544,1.5203,3.3662,3.1950,2.1739,62.0693,-8.0547,-8.1055
208,2,405.3137,170.8448,448.4806,205.8314,3.1352,2.4806,2.2816,5.9628,-13.7007,2.3379,54.2377,-4.8106,-4.5639
208,2,635.4877,180.4598,660.8024,197.9444,2.1219,1.4273,1.4967,3.5677,3.2462,2.1046,62.4066,-8.0039,-8.0552
209,2,403.2397,170.2547,448.9390,205.6770,4.1839,2.4623,2.2831,5.8298,-13.4813,2.2813,53.1465,-4.7866,-4.5390
209,2,635.6017,179.8527,660.7786,197.3840,1.9788,1.4412,1.5911,3.3823,3.2574,2.0645,62.5156,-7.9829,-8.0343
210,2,403.1600,170.4686,446.7762,206.1877,3.3496,2.4220,2.2022,5.9369,-13.2705,2.2599,51.9915,-4.8164,-4.5674
210,2,637.0671,179.6610,662.7298,198.6362,1.3999,1.5694,1.6172,3.5440,3.4233,2.1798,62.8708,-7.9804,-8.0340
211,2,404.1637,170.5437,450.6802,207.3044,3.7477,2.4497,2.2053,5.7814,-12.8514,2.2954,51.0425,-4.7823,-4.5365
211,2,639.0566,179.9636,665.7136,197.3167,1.7089,1.4390,1.5896,3.4232,3.6571,2.0788,63.1461,-8.0249,-8.0821
212,2,404.3148,169.6551,453.9851,207.8678,3.2821,2.4957,2.2956,5.8535,-12.4891,2.2865,50.1120,-4.7699,-4.5264
212,2,644.8294,178.9702,669.2906,196.6210,1.1606,1.4767,1.5363,3.5593,4.0902,2.0305,63.5078,-7.9681,-8.0317
213,2,410.0338,170.5072,458.4365,209.2832,4.3559,2.4784,2.2143,5.8638,-11.8958,2.3281,49.1142,-4.7757,-4.5389
213,2,651.5688,179.1815,675.9471,196.8831,1.9133,1.4884,1.5540,3.3433,4.6933,2.0617,63.6636,-7.9648,-8.0376
214,2,415.5678,169.7859,467.3452,210.8738,3.5433,2.5761,2.1432,5.8416,-11.1794,2.3835,48.1690,-4.7213,-4.4940
214,2,661.3893,180.1814,684.5699,197.8737,1.0176,1.4862,1.5539,3.6041,5.5330,2.1543,63.9774,-7.9081,-7.9935
215,2,423.0331,170.3540,475.5873,212.3262,1.4819,2.5877,2.2496,6.0677,-10.5102,2.4333,47.5451,-4.7363,-4.5195
215,2,670.1809,179.6365,695.3053,197.2123,1.2633,1.4833,1.6373,3.7375,6.4269,2.1053,64.2883,-4.7758,-4.8745
216,2,434.4118,170.0972,488.2669,212.7482,3.1505,2.5649,2.2042,6.1410,-9.4921,2.3989,46.4626,-4.7120,-4.5111
216,2,683.9225,178.4125,706.9313,195.9328,0.7660,1.4900,1.5464,3.5190,7.5586,1.9985,64.2699,-7.8794,-7.9956
217,2,444.4175,169.7981,501.1011,211.5259,4.2977,2.4576,2.2753,5.8970,-8.5707,2.2773,45.4802,-4.6792,-4.4935
217,2,698.8291,177.1840,721.6157,194.4272,0.9813,1.4812,1.5375,3.3803,8.9141,1.8784,64.5308,-4.7215,-4.8578
218,2,460.3472,169.1006,515.2471,211.8289,4.9593,2.4602,2.1809,5.8533,-7.4644,2.2438,44.5132,-4.6721,-4.5065
218,2,716.5421,177.0844,739.5663,193.8739,1.1000,1.4422,1.5022,3.5070,10.5224,1.8311,64.6225,-4.7075,-4.8678
219,2,476.6804,167.4801,531.4785,212.0519,4.2508,2.5086,2.2059,5.9225,-6.3278,2.2058,43.6159,-4.6689,-4.5251
219,2,737.5339,174.3143,758.4672,192.0531,0.5851,1.5371,1.5386,3.6697,12.3321,1.6717,64.7411,-7.7494,-7.9365
220,2,494.0670,164.9858,552.1336,209.9698,4.3376,2.4740,2.2302,5.7504,-5.0621,2.0410,42.6517,-4.6162,-4.4983
220,2,757.8723,172.8277,780.8987,190.6510,-0.1030,1.5523,1.5683,3.5335,14.2339,1.5497,64.6714,-7.7666,-7.9819
220,2,1163.9313,170.3554,1241.0000,224.3925,-1.7670,1.4377,1.6153,3.8928,17.4005,1.3709,21.2560,-4.1037,-4.7826
221,2,516.6143,164.0812,572.8306,210.1776,4.8718,2.4718,2.0191,5.6993,-3.7000,2.0011,41.6497,-4.5785,-4.4900
221,2,780.8674,171.5867,805.3976,189.4656,0.7080,1.5516,1.5850,3.5242,16.3022,1.4413,64.4425,-7.7639,-8.0103
222,2,537.9561,161.9054,595.1053,209.8261,4.6266,2.5026,2.0532,5.6611,-2.3810,1.9305,40.6361,-4.5571,-4.4984
222,2,808.8713,171.1830,831.6032,188.1634,1.0711,1.4704,1.4629,3.4020,18.6746,1.3254,64.2667,-7.7163,-7.9976
223,2,559.1102,159.1546,621.7728,209.3768,3.9223,2.5503,2.1398,5.8836,-0.9997,1.8544,39.7399,-4.5040,-4.4785
223,2,835.2889,169.2911,862.2004,187.2276,-0.4536,1.5419,1.6727,3.7838,21.1246,1.2353,64.0255,-7.6975,-8.0146
224,2,581.6862,157.8368,647.2528,209.5958,3.5494,2.5469,2.1649,5.9149,0.3190,1.8077,38.6376,-4.4652,-4.4728
224,2,865.6863,169.2755,891.6004,187.3746,0.6127,1.5432,1.6109,3.6120,23.5669,1.2378,63.4535,-4.5062,-4.8601
225,2,605.6579,156.4211,672.3450,211.0970,2.6351,2.6054,2.2386,5.9074,1.5877,1.8221,37.5250,-4.4532,-4.4946
225,2,902.7209,169.2373,924.0862,187.7159,-1.7934,1.5567,1.6678,3.4703,26.3480,1.2517,62.7086,-7.4512,-7.8470
226,2,635.6137,160.6547,697.5180,210.7882,1.4059,2.3095,2.0693,5.4882,2.8961,1.7472,36.1602,-7.5803,-7.6590
227,2,662.3907,158.7390,729.8006,213.5518,3.6057,2.4341,2.0400,5.6249,4.2469,1.8070,35.0331,-4.3668,-4.4858
228,2,692.2290,157.5724,762.9835,215.7894,4.8087,2.4867,2.0810,5.7236,5.5893,1.8337,33.8635,-4.3308,-4.4924
228,2,1012.1895,171.0692,1037.6737,189.1568,0.6713,1.4621,1.5590,3.3677,34.5493,1.3175,60.1800,-7.4175,-7.9363
229,2,722.3783,156.4469,795.7136,215.7203,4.7547,2.4261,2.0667,5.6262,6.7845,1.7542,32.5222,-4.2897,-4.4930
229,2,1052.3152,168.9716,1082.0996,187.4099,0.4483,1.4599,1.5109,3.3619,37.3039,1.1522,58.9721,-7.4580,-8.0196
230,2,755.6628,153.7793,828.5826,214.5981,1.4362,2.3818,2.1129,5.3990,7.9216,1.6345,31.1514,-7.4248,-7.6710
230,2,1101.2406,164.6789,1130.6962,183.5119,-1.1318,1.4553,1.5908,3.5224,40.3815,0.8233,57.6806,-7.3399,-7.9481
231,2,788.1288,148.3930,868.7763,214.5682,4.4918,2.4605,2.0882,5.6453,9.0909,1.5507,29.8067,-4.2139,-4.5067
232,2,822.0370,144.7125,911.5035,214.6710,3.8734,2.4620,2.1366,5.8595,10.1975,1.4713,28.4454,-4.1578,-4.4983
233,2,863.3758,141.9292,957.3526,215.9124,4.8579,2.4613,2.0683,5.7531,11.2908,1.4322,26.9560,-4.1039,-4.4962
234,2,905.3818,139.5374,1003.4505,216.7353,4.2700,2.4137,2.1183,5.7092,12.2356,1.3717,25.4911,-4.0828,-4.5254
235,2,952.2048,135.0350,1057.2222,219.6798,4.5007,2.4727,2.1004,5.7652,13.1897,1.3676,23.9853,-4.0383,-4.5355
236,2,1002.1648,133.3040,1115.0463,220.5159,4.7476,2.3710,2.1029,5.6249,14.0063,1.2955,22.4263,-3.9944,-4.5465
237,2,1056.9094,128.5304,1182.8595,223.7164,4.2705,2.3854,2.0639,5.7671,14.8070,1.2743,20.8594,-3.9337,-4.5441
238,2,1121.9116,124.5010,1229.0444,226.5791,2.4125,2.3540,1.8731,5.9217,15.3218,1.2386,19.4655,-3.9788,-4.6380
239,2,1189.7450,146.6121,1241.0000,229.6278,1.0932,1.7793,1.7550,4.2723,15.3527,1.2165,17.6934,-7.1994,-7.9056
245,2,215.0199,188.0073,314.5775,226.2036,-1.5845,1.4295,1.6068,3.6356,-14.5753,2.1129,30.5673,-7.4380,-6.9961
245,2,616.3830,186.7188,686.0338,216.9263,-2.1890,1.6506,1.7237,3.6957,2.3326,2.4784,41.8386,-6.5117,-6.5663
248,2,191.3478,182.1492,245.5595,211.3795,-2.1925,1.7456,1.8143,4.4163,-25.4012,2.3797,46.9089,-4.8927,-4.3985
250,2,273.5842,186.6466,459.9823,303.5069,-0.9305,1.5097,1.6181,3.6521,-3.7443,1.7673,11.6273,-7.8023,-7.4965
252,2,203.9048,181.4784,475.8351,304.2351,-2.0465,1.6079,1.7026,3.3586,-3.9305,1.7478,10.6643,-3.0103,-2.6644
253,2,268.7817,175.0859,328.2933,212.3989,-1.4061,2.2019,1.8891,4.3490,-19.3818,2.3477,45.0289,-4.7264,-4.3217
253,2,183.8769,167.0856,224.9131,199.7498,-1.6309,1.6121,1.7047,4.0294,-21.2224,1.3271,37.7937,-2.0400,-1.5312
254,2,268.7910,181.4863,333.7630,212.1065,-1.7332,1.7082,1.8373,4.4455,-18.6812,2.2592,43.8063,-7.7954,-7.3942
254,2,886.5581,182.6783,944.3562,233.1187,-1.8660,1.4815,1.6513,4.0273,10.2500,1.8405,24.2137,-7.4254,-7.8208
267,2,148.6608,154.5518,254.5308,209.7823,-1.5376,2.2683,1.9496,4.6761,-17.9847,1.5163,31.9980,-7.8250,-7.3163
268,2,0.0000,149.0471,148.0717,221.6077,0.2499,2.1292,1.9209,5.0186,-17.8083,1.4303,23.6951,-4.6987,-4.0595
