0,2,872.3799,198.5004,1241.0000,374.0000,3.8529,1.3476,1.6390,3.7317,3.2996,1.6038,5.3159,-7.8080,-8.3379
1,2,892.2430,200.1142,1241.0000,374.0000,2.2815,1.3961,1.6758,4.2482,3.2708,1.6406,4.3407,-7.8332,-8.4457
1,2,705.9743,170.5749,736.9752,197.6898,-1.1880,1.6002,1.6978,3.5073,6.8690,1.4654,44.4731,-7.6451,-7.7969
2,2,925.4372,199.2185,1241.0000,374.0000,2.3671,1.3997,1.6692,4.1104,3.2758,1.6107,3.7148,-7.8406,-8.5238
3,2,959.4337,194.1811,1241.0000,374.0000,2.4958,1.4592,1.7004,4.3212,3.3912,1.6119,2.9615,-7.9251,-8.7292
4,2,1009.5961,197.3828,1241.0000,374.0000,0.6055,1.4851,1.6656,4.1872,3.4276,1.6414,2.4462,-7.9450,-8.8397
5,2,0.0000,0.0000,1241.0000,374.0000,0.2660,1.4671,1.6369,3.9366,3.0647,1.6831,1.8653,-7.6796,-8.6347
7,2,450.4432,173.5686,491.7545,195.5741,-1.0917,1.5683,1.6455,3.9531,-10.3950,1.6233,53.6659,-5.2896,-5.0988
11,2,701.7261,169.9402,762.6809,195.6365,-1.7287,1.7904,1.7537,3.9245,8.6691,1.5870,51.4928,-3.3253,-3.4908
12,2,708.6131,165.2333,745.8890,198.1387,-1.7380,1.5684,1.5380,4.0793,5.9470,1.2049,36.5563,-7.6111,-7.7707
15,2,704.1885,176.0093,745.3381,205.4813,-1.8540,1.5046,1.5705,3.6668,6.1259,1.6833,39.0812,-7.8755,-8.0293
21,2,720.5677,161.6353,752.3362,189.3671,-1.9709,1.5746,1.6405,3.6374,7.4349,0.9373,42.8676,-4.5992,-4.7695
23,2,412.8756,173.7626,466.6913,200.9570,-2.1005,1.5840,1.6534,3.7535,-10.3993,1.6419,44.1874,-4.4603,-4.2301
24,2,478.7336,174.5641,525.3911,198.5477,-1.7574,1.7397,1.7131,4.1546,-8.1887,1.8748,54.9036,-4.3545,-4.2068
24,2,738.4472,171.4324,807.2560,217.9615,-2.0216,1.6865,1.7739,4.0113,6.4200,1.6346,28.3439,-7.4029,-7.6229
25,2,478.4120,175.7360,531.7010,199.6524,-1.3326,1.7057,1.6799,4.0365,-7.8558,1.9301,54.1182,-7.2614,-7.1176
25,2,158.8925,182.0385,235.8595,209.7782,-1.4769,1.5344,1.5469,3.8947,-24.7707,2.1131,43.3941,-4.3257,-3.8094
25,2,934.3531,176.8223,1192.9639,273.0007,-1.7638,1.5038,1.6983,4.1485,8.2196,1.5909,13.6783,-8.0863,-8.6173
26,2,174.1233,181.4551,238.3215,208.3653,0.3774,1.5190,1.4785,3.2644,-24.4007,2.0602,43.6459,-4.4071,-3.8997
27,2,472.1157,171.2937,514.8411,195.2757,-1.3641,1.6820,1.6881,3.8930,-8.4904,1.5723,52.6984,-7.6100,-7.4508
29,2,127.8199,178.6753,211.6507,208.6588,-1.7385,1.5600,1.5974,4.1258,-24.6919,1.9047,40.5799,-7.6277,-7.0838
31,2,248.0089,173.0622,317.0837,199.1753,-1.6059,1.5962,1.7114,3.6356,-20.9058,1.6097,46.0804,-7.1608,-6.7368
32,2,123.5248,180.6079,197.5312,209.2024,-0.5856,1.4485,1.5729,3.6583,-24.5283,1.8925,39.4592,-4.6341,-4.0808
34,2,614.4877,159.8451,650.7830,183.8222,-0.5546,2.1232,2.0390,5.3020,2.1281,0.9709,66.7251,-7.5574,-7.5889
35,2,614.8788,160.7175,653.1826,185.2973,-1.9797,2.1485,2.1425,5.3667,2.2340,1.0874,65.9513,-7.5495,-7.5829
35,2,131.4341,169.2582,203.0826,198.1933,-2.1539,1.5460,1.5426,3.4186,-24.4696,1.3536,39.8311,-5.9561,-5.4081
36,2,614.4416,159.3489,655.1873,186.3708,-0.9596,2.3368,2.1641,5.7074,2.2953,1.1686,65.4473,-7.5315,-7.5661
37,2,616.9152,160.0485,654.4691,186.4742,0.3739,2.2598,2.0422,5.1559,2.3286,1.1644,64.4674,-7.5456,-7.5812
37,2,1002.3607,150.5745,1073.2535,199.8919,-1.7374,1.4222,1.6611,3.9543,13.5898,0.7794,22.9062,-7.2479,-7.7777
38,2,60.1454,169.1024,175.3413,211.1266,-1.8317,1.9386,1.8744,4.5420,-24.2655,1.7653,35.7310,-4.4175,-3.8242
38,2,1029.7454,150.1231,1099.5109,201.0098,-1.8667,1.4721,1.6570,3.7828,14.2998,0.8142,22.9294,-4.2082,-4.7600
40,2,1095.5266,131.6925,1241.0000,193.0651,-0.9699,1.4262,1.6071,3.9622,14.4859,0.4694,18.8599,-7.6740,-8.3217
40,2,802.6028,178.3448,878.1868,215.9665,-1.7110,1.5228,1.6947,4.1372,10.0621,1.7820,31.9698,-4.8084,-5.1101
42,2,613.6292,159.1851,652.6385,188.5406,-0.8887,2.3621,2.2298,5.1319,1.9847,1.2619,60.8210,-7.6034,-7.6356
43,2,611.8391,162.3412,652.4813,189.9616,-1.0799,2.1951,2.1210,4.9496,1.8754,1.3593,60.0214,-7.5491,-7.5799
43,2,725.2303,168.6064,760.4845,200.4293,-1.6455,1.6160,1.6581,4.0211,7.1466,1.4000,38.7874,-7.6196,-7.8001
44,2,610.6307,160.2207,654.1087,190.5336,1.6064,2.3774,2.1916,5.1198,1.8772,1.3863,59.3652,-7.5297,-7.5609
45,2,609.3693,160.1947,650.2168,192.2497,-1.7264,2.4856,2.1747,5.1431,1.6465,1.5037,58.7151,-7.5887,-7.6162
46,2,609.5736,160.0304,650.4418,192.2996,2.1438,2.4719,2.1449,5.2611,1.6483,1.4893,58.0890,-7.5954,-7.6233
47,2,608.5002,159.9075,649.6700,192.4693,2.1503,2.4610,2.1113,5.2663,1.5546,1.4822,57.3486,-7.5938,-7.6204
47,2,777.7805,171.4178,839.2187,226.2036,-2.1924,1.5531,1.5891,3.8247,6.0513,1.5121,22.4869,-4.5115,-4.7705
48,2,606.7975,158.2067,649.8660,192.5450,2.2321,2.5599,2.1011,5.1411,1.4737,1.4677,56.5550,-7.5629,-7.5884
49,2,604.9753,158.6507,648.6209,193.0608,-1.0816,2.5322,2.0964,5.3052,1.3425,1.4867,55.9361,-7.5717,-7.5952
50,2,605.3204,159.7902,648.2501,193.1561,3.1232,2.4206,2.0622,5.2880,1.3226,1.4726,55.1693,-7.5855,-7.6090
50,2,760.7987,170.9632,819.0956,193.0170,-1.3045,1.4951,1.6617,3.7115,12.5488,1.3667,50.4458,-5.8529,-6.0950
50,2,555.1368,172.2044,594.9654,189.5784,-1.7074,1.6085,1.5425,3.4291,-3.3215,1.5480,68.1760,-2.7426,-2.6938
50,2,518.7073,169.3521,577.7860,188.6906,-1.8567,1.6402,1.7884,4.8142,-5.3441,1.3429,62.4219,-6.1418,-6.0564
51,2,603.3372,159.5977,646.9235,196.4075,1.3912,2.6314,2.0500,5.0019,1.1728,1.6834,54.2679,-7.5700,-7.5911
52,2,601.4837,160.4045,645.3677,195.9680,2.4131,2.5091,2.0321,5.3228,1.0406,1.6305,53.7411,-7.5886,-7.6075
52,2,805.1235,152.0065,919.3120,213.0085,-1.6720,1.4515,1.6672,3.8950,6.4779,0.9552,19.1174,-4.7107,-5.0325
52,2,737.9056,175.4503,796.4910,207.2652,-2.1755,1.5947,1.7376,3.8746,8.2899,1.7405,38.5566,-8.0215,-8.2312
53,2,599.3006,160.8102,646.2985,196.6008,3.0888,2.4902,2.0918,5.3230,0.9845,1.6519,53.0517,-7.5614,-7.5795
53,2,542.8521,173.4657,590.7594,191.5165,-0.7894,1.6148,1.7464,4.0230,-3.9789,1.6719,66.1683,-2.7865,-2.7264
53,2,785.4239,154.1139,930.6570,213.0475,-1.5444,1.4256,1.6122,3.6445,6.5034,0.9720,19.4454,-5.1549,-5.4728
53,2,745.1136,164.4518,819.3644,204.4789,-1.7885,1.7552,1.7276,4.5055,7.9715,1.3864,34.0110,-4.8943,-5.1222
53,2,744.5869,172.5586,804.3881,205.4831,-1.8378,1.6159,1.7865,4.4343,8.4657,1.6011,37.6952,-7.9370,-8.1558
54,2,598.4458,159.4431,644.3511,195.3074,1.3455,2.4620,2.1140,5.3669,0.8715,1.5411,52.3952,-7.5968,-7.6129
54,2,815.6009,163.5319,919.0167,236.5197,-1.8233,1.6890,1.8200,4.2218,6.5389,1.4729,18.9261,-4.5514,-4.8786
54,2,534.7460,174.0495,575.3714,192.8239,-2.1868,1.5118,1.7003,3.7702,-4.6535,1.6149,60.3921,-5.3252,-5.2483
55,2,597.0096,157.3673,643.0510,196.1266,1.1057,2.6256,2.1600,5.3704,0.7638,1.5762,51.7429,-7.6150,-7.6292
55,2,806.1644,147.4686,955.5491,215.0787,-1.7509,1.5015,1.5701,3.3547,6.5324,0.9375,17.8757,-5.1240,-5.4688
55,2,755.5387,160.0239,815.6411,204.6946,-2.0561,1.9167,1.7801,4.1807,7.9158,1.3659,33.0598,-4.7001,-4.9327
56,2,594.9405,158.6774,642.0909,195.6702,2.2644,2.4660,2.0947,5.1887,0.6422,1.5206,50.8760,-7.5891,-7.6013
56,2,768.1031,166.5865,818.1183,206.5496,-1.6866,1.6933,1.7817,3.9693,8.3211,1.4274,32.7437,-7.4968,-7.7430
56,2,542.9088,172.2329,568.2703,192.0732,-1.8236,1.5675,1.7334,4.2155,-4.4473,1.5181,59.1198,-4.7052,-4.6301
57,2,593.1013,157.2961,640.7166,197.1492,1.5984,2.6170,2.0589,5.2531,0.5238,1.5950,50.1839,-7.5901,-7.6000
57,2,534.1104,174.5149,583.7740,192.5151,0.1151,1.5346,1.7054,3.9977,-4.4981,1.6834,63.2854,-2.7867,-2.7157
57,2,723.7191,175.6026,758.0341,200.8647,-1.5577,1.5113,1.6004,3.4095,8.2412,1.6913,45.4490,-4.3713,-4.5491
57,2,771.5117,164.2885,815.0909,203.5808,-1.7503,1.5868,1.6930,4.4653,7.8883,1.2406,31.5009,-7.6386,-7.8814
58,2,589.5303,157.3491,638.8036,196.4532,2.5818,2.5312,2.1279,5.3298,0.3330,1.5272,49.5522,-7.5968,-7.6031
58,2,532.2507,173.8224,580.8189,191.6981,0.6998,1.5118,1.6364,3.8677,-4.6536,1.5973,62.5566,-2.8224,-2.7481
58,2,769.0894,162.7190,815.0284,205.1663,-1.7025,1.6483,1.7064,4.3289,7.6691,1.2544,30.3355,-7.5676,-7.8125
58,2,723.6375,175.9580,751.0214,201.0056,-1.8385,1.4811,1.6173,3.6433,7.8866,1.6830,45.0696,-7.6948,-7.8665
59,2,587.7991,160.4283,637.0095,197.8172,3.0578,2.3837,2.0856,5.3810,0.2106,1.5912,48.8659,-7.6042,-7.6080
59,2,527.8840,174.8295,577.8605,192.4885,0.0125,1.4724,1.7119,3.9168,-4.9138,1.6452,61.8622,-2.8448,-2.7655
59,2,437.2370,176.0840,498.2288,203.7861,-0.4717,1.4849,1.5384,3.1135,-7.9820,1.6705,40.2606,-6.6580,-6.4632
59,2,785.1581,174.3274,854.5961,210.7229,-2.0646,1.5588,1.7412,4.4224,9.7355,1.6314,33.3978,-4.0973,-4.3781
60,2,584.9514,159.3521,634.8383,197.9095,2.7750,2.4179,2.0606,5.3151,0.0402,1.5709,48.0782,-7.6008,-7.6012
60,2,527.0439,174.7328,573.7172,192.5019,0.3309,1.4631,1.5801,3.6025,-5.0612,1.6251,61.0177,-2.8139,-2.7312
60,2,812.1366,183.8767,876.7940,220.6111,-1.7761,1.3693,1.5734,3.5121,9.5368,1.8502,29.7279,-7.8365,-8.1434
61,2,582.7698,159.3725,633.4707,197.6868,4.1185,2.3647,2.0210,5.3419,-0.0750,1.5323,47.3726,-7.5955,-7.5935
62,2,579.4327,159.1208,629.8389,199.5785,3.7954,2.4592,2.0460,5.2483,-0.2999,1.6242,46.6502,-7.6156,-7.6088
62,2,516.6736,173.5790,570.0672,193.2231,0.3048,1.5829,1.7436,4.0375,-5.5272,1.6440,59.6720,-2.8431,-2.7508
62,2,503.2108,173.0893,555.8702,194.4225,-1.6641,1.5448,1.7094,3.9830,-6.1041,1.5629,54.2555,-5.5559,-5.4441
62,2,749.0283,169.7743,845.9492,208.7431,-1.6882,1.4704,1.5760,3.4835,7.4521,1.3539,29.0480,-5.4457,-5.6939
62,2,849.6312,171.3248,919.0984,204.5997,-1.8274,1.4736,1.6981,3.6893,12.8687,1.4056,33.8617,-7.0732,-7.4331
63,2,575.1436,158.7983,627.7709,199.1882,3.7862,2.4134,2.1031,5.3451,-0.4925,1.5733,45.9590,-7.6170,-7.6059
63,2,515.7001,174.7601,566.5738,193.3249,0.1373,1.4725,1.6552,3.7857,-5.6345,1.6312,58.8507,-2.8447,-2.7493
63,2,467.3548,173.6837,492.5471,195.6494,-1.9163,1.5902,1.6777,3.7959,-9.7949,1.6547,54.3758,-4.8392,-4.6615
63,2,821.7478,186.7133,865.3066,225.0927,-1.9544,1.2834,1.4552,3.1962,8.7768,1.8380,27.1418,-4.3662,-4.6751
64,2,574.4412,156.7985,626.6014,199.1226,2.8260,2.4883,1.9770,5.3297,-0.5442,1.5441,45.2461,-7.6087,-7.5963
64,2,509.4107,173.1776,562.4019,194.3750,-1.7541,1.6679,1.7524,3.8802,-6.0030,1.6944,58.2723,-2.8134,-2.7108
64,2,772.2588,169.5132,828.9662,215.3559,-2.0884,1.6441,1.8017,4.3373,7.4792,1.5240,28.2221,-7.5148,-7.7707
65,2,569.4232,154.9826,624.5630,197.5357,2.2867,2.4618,2.1015,5.1834,-0.7515,1.4276,44.5143,-7.6029,-7.5857
65,2,507.1356,171.3309,557.7626,192.2648,-0.3557,1.6290,1.6725,3.6466,-6.1956,1.5102,57.4803,-5.9871,-5.8799
65,2,510.6188,169.8589,555.0496,191.8599,-0.6702,1.5318,1.6595,4.1429,-5.5884,1.3230,52.4646,-4.3958,-4.2899
65,2,770.9030,170.8266,849.0074,200.2495,-1.4584,1.6167,1.7505,3.9568,11.1694,1.5050,40.6325,-6.2259,-6.4919
65,2,764.3209,159.5914,860.5435,205.6903,-2.1398,1.6038,1.7619,4.0873,7.4917,1.1421,27.2917,-1.7959,-2.0607
66,2,565.1179,153.7484,622.2493,195.9225,2.8154,2.3910,2.2138,5.4462,-0.9306,1.3075,43.8062,-7.6312,-7.6097
66,2,503.1454,170.5028,558.3765,191.4739,-0.5368,1.6086,1.6616,3.9926,-6.2574,1.4280,56.7776,-2.8124,-2.7029
66,2,771.4893,164.8794,832.2844,217.2023,-1.2640,1.7525,1.8127,4.3005,7.0731,1.4851,26.4967,-7.5119,-7.7695
66,2,717.7399,166.4819,796.5825,196.3686,-1.7391,1.6184,1.7778,4.1348,8.0933,1.2731,40.1567,-3.0452,-3.2423
67,2,562.4814,154.0912,620.3301,197.8178,1.8753,2.4380,2.0804,5.4422,-1.0514,1.3916,43.1217,-7.6092,-7.5846
67,2,497.2243,169.5486,553.8361,191.8994,0.2881,1.6905,1.6836,4.0272,-6.5748,1.4402,55.9873,-2.8336,-2.7170
68,2,559.5206,155.7972,617.0262,199.2597,3.9967,2.3854,2.0622,5.2411,-1.2210,1.4490,42.3917,-7.6153,-7.5863
68,2,412.0622,168.9675,471.3070,191.9558,-0.2222,1.5523,1.6426,3.6703,-11.6930,1.2896,50.0360,-5.9922,-5.7636
68,2,518.4236,172.8117,556.9880,192.7896,-1.0424,1.4960,1.6609,3.7193,-5.6032,1.4925,56.0521,-7.5522,-7.4527
68,2,785.5284,167.8945,808.3436,188.9969,-1.8234,1.6382,1.7211,3.7807,15.0256,1.2529,58.0615,-7.5931,-7.8449
68,2,776.9927,165.8208,841.0628,220.4019,-1.9040,1.7121,1.7354,3.8541,6.6694,1.4912,24.6788,-7.6845,-7.9448
69,2,555.1790,156.5999,614.5853,201.7113,4.2844,2.4326,2.1194,5.3062,-1.3932,1.5558,41.7341,-7.6234,-7.5898
69,2,485.7191,173.7717,548.4305,195.4697,0.0676,1.5934,1.7227,4.4200,-7.0708,1.6646,54.6935,-5.9287,-5.8004
69,2,791.9295,167.9598,846.7197,213.1936,-0.4147,1.4878,1.7488,3.7370,7.4363,1.3265,25.7727,-7.5632,-7.8406
69,2,1127.3905,128.9035,1241.0000,178.5076,-2.1511,1.4993,1.6646,3.9045,18.8123,0.1706,22.8659,-6.4020,-7.0844
70,2,552.8281,157.5764,612.9301,203.0394,5.7135,2.4094,2.0629,5.3651,-1.4827,1.5995,41.0881,-7.6207,-7.5844
70,2,395.6516,174.5434,465.7158,198.0697,-0.0486,1.5362,1.7290,4.2373,-12.0689,1.6524,48.5239,-6.1018,-5.8590
70,2,482.4950,176.1304,543.0450,197.5318,-1.1968,1.5415,1.6687,4.1967,-7.2976,1.7931,53.9524,-5.9248,-5.7907
71,2,549.0762,156.3754,610.2755,203.9970,4.7464,2.4759,2.1071,5.3385,-1.6326,1.6188,40.3486,-7.6331,-7.5924
71,2,479.3152,176.8038,541.3419,201.2614,-0.3110,1.7425,1.7889,4.1672,-7.3701,2.0413,53.2446,-2.8873,-2.7500
72,2,545.0640,156.0489,605.7609,202.1578,5.0289,2.3555,2.0997,5.2144,-1.8390,1.4967,39.6257,-7.6501,-7.6036
72,2,383.5459,169.9496,453.8262,194.7888,-0.0939,1.5857,1.6817,4.1126,-12.5172,1.4000,47.1825,-6.1428,-5.8846
72,2,480.6694,170.9083,543.7562,194.2165,-0.7183,1.4597,1.6900,4.3371,-6.4066,1.3375,47.4646,-4.1346,-4.0009
72,2,478.0869,175.3784,541.0606,197.3506,-1.1671,1.5438,1.6667,4.2138,-7.3110,1.7316,52.3842,-2.8678,-2.7295
72,2,713.5122,171.8985,752.9033,204.4909,-1.9010,1.5754,1.7866,4.4646,6.3754,1.5289,37.2497,-4.4934,-4.6611
73,2,540.5205,153.8389,606.4664,204.7453,4.7382,2.5452,2.1290,5.3351,-1.9004,1.5942,38.9182,-7.6168,-7.5679
73,2,467.6214,176.4575,534.6017,200.6634,0.3900,1.6753,1.7900,4.4092,-7.8367,1.9410,51.8136,-2.8745,-2.7247
73,2,377.5791,171.8630,453.4529,196.8805,-0.4193,1.5572,1.7372,4.4486,-12.5177,1.4952,46.3586,-6.0045,-5.7419
73,2,996.0802,145.4307,1121.5856,191.1687,-2.0107,1.4912,1.6154,3.7387,15.6869,0.5968,25.5238,-8.0712,-8.6172
73,2,710.8123,172.8327,757.8096,203.5429,-2.1787,1.5203,1.7284,4.3085,6.5712,1.5189,38.0386,-4.3689,-4.5382
74,2,536.9894,153.7862,603.1163,204.8002,3.2840,2.5041,2.1284,5.2905,-2.0481,1.5678,38.2328,-7.6307,-7.5770
74,2,369.8810,173.6189,430.0361,198.6901,-0.9807,1.5461,1.6419,3.2806,-13.3353,1.5956,45.7512,-6.0466,-5.7642
74,2,372.6287,179.9962,450.4766,212.8793,-1.6084,1.7902,1.7581,4.1154,-11.4717,2.2173,41.5803,-2.7470,-2.4790
74,2,903.9825,175.7141,1065.0203,231.8410,-2.0540,1.3915,1.6192,3.8818,10.0190,1.4738,19.4289,-3.4732,-3.9427
75,2,534.0142,153.5975,599.5639,205.3087,4.5415,2.4911,2.1009,5.2755,-2.1807,1.5632,37.5552,-7.6489,-7.5909
75,2,364.9227,172.0558,442.1050,197.4214,0.5095,1.5391,1.7304,4.3049,-12.8875,1.4904,45.0029,-6.1110,-5.8334
75,2,384.7766,165.0643,465.2202,195.7166,-2.0609,1.6681,1.7250,4.0997,-10.4601,1.2439,40.6976,-2.8407,-2.5904
75,2,830.3988,163.9550,920.6597,223.8421,-2.1688,1.4663,1.6148,3.9339,7.0847,1.2481,19.7403,-4.5459,-4.8853
76,2,530.1597,154.9187,597.0047,205.3466,4.5988,2.3801,2.0778,5.3509,-2.3008,1.5333,36.8851,-7.6519,-7.5896
76,2,356.2415,171.6670,432.5507,197.6041,0.1698,1.5501,1.6509,4.1816,-13.2336,1.4788,44.2574,-6.1293,-5.8401
76,2,462.8980,173.7900,524.2740,196.5645,-1.6748,1.5188,1.6773,3.8671,-8.0551,1.5850,49.7433,-2.7582,-2.5982
77,2,526.9202,154.1282,595.9484,207.3813,4.8677,2.4656,2.0854,5.3598,-2.3645,1.5983,36.2446,-7.6462,-7.5810
77,2,457.7456,174.1406,519.5194,197.8802,0.7453,1.5604,1.6523,3.7790,-8.2345,1.6495,48.8438,-2.8851,-2.7186
77,2,349.2629,173.6876,424.3361,199.0735,-0.5942,1.4888,1.6615,4.0078,-13.4772,1.5401,43.5357,-6.1204,-5.8216
77,2,339.9890,173.8025,389.5171,196.1095,-2.0077,1.5433,1.6414,3.2472,-17.6259,1.6136,51.8872,-4.3212,-3.9951
77,2,1002.6074,165.1456,1215.9868,240.6263,-2.0439,1.5394,1.6486,3.7189,11.3551,1.3819,16.7326,-5.2582,-5.8459
78,2,524.2809,154.7865,594.6664,209.4256,6.7555,2.4762,2.0515,5.3340,-2.4115,1.6571,35.5231,-7.6408,-7.5730
78,2,457.0289,176.5752,517.7033,199.6582,1.8721,1.4889,1.6611,3.6327,-8.1975,1.7431,48.1405,-2.9200,-2.7519
78,2,1120.0392,120.1564,1229.8145,173.5173,-0.3215,1.4854,1.5040,3.7777,17.1130,0.0182,22.1166,-4.3783,-5.0308
78,2,440.2152,175.3672,487.4826,202.8341,-1.7903,1.5362,1.7292,4.4848,-8.8382,1.6947,43.1900,-2.0171,-1.8161
79,2,519.6990,157.0254,591.9691,212.2247,6.0960,2.4463,2.0169,5.3562,-2.5341,1.7445,34.8097,-7.6355,-7.5629
79,2,334.6224,180.9568,415.5569,206.5288,0.8283,1.4225,1.7139,4.1982,-13.7455,1.9100,42.1821,-2.9446,-2.6311
79,2,447.5478,177.7522,514.1025,202.1265,-0.4832,1.5438,1.6954,3.9692,-8.5255,1.8749,47.5246,-2.8978,-2.7209
79,2,293.3911,177.6324,354.9170,203.4015,-1.8008,1.4529,1.5872,3.8783,-17.1413,1.7500,43.1243,-2.5135,-2.1370
79,2,286.6900,180.0557,358.1665,203.1884,-1.8471,1.5414,1.8289,4.4503,-20.1374,2.0597,50.4820,-2.8677,-2.4897
80,2,515.0429,156.3251,589.6750,213.4245,5.8824,2.4792,2.0611,5.2900,-2.6461,1.7612,34.1333,-7.6360,-7.5587
80,2,444.6766,179.2405,508.9782,203.3324,2.0485,1.4966,1.6429,3.7451,-8.6256,1.9198,46.6506,-2.9305,-2.7482
80,2,332.8936,177.8377,413.8734,203.6992,-0.7363,1.4230,1.5717,4.1408,-13.5366,1.7152,41.2408,-6.1200,-5.8044
81,2,511.1378,154.7444,586.9225,213.0295,6.7422,2.4741,2.0591,5.2494,-2.7415,1.7051,33.4107,-7.6425,-7.5608
81,2,437.7762,177.7192,506.1589,201.4915,1.4856,1.4567,1.6203,3.9724,-8.8238,1.7754,46.0184,-2.8897,-2.7010
81,2,327.5702,181.3726,371.5591,208.1556,-0.6108,1.4339,1.6011,3.7987,-15.0906,1.9514,41.8748,-4.8352,-4.4910
81,2,315.6582,179.0922,347.1384,204.4059,-1.7369,1.6200,1.7188,4.0414,-19.1580,2.0662,49.4511,-2.0128,-1.6447
81,2,722.0500,172.6805,764.3094,203.3533,-2.1635,1.6052,1.7250,4.1470,7.3950,1.5958,40.0015,-7.5265,-7.7076
82,2,507.3873,152.4294,584.8558,212.5279,6.6498,2.4956,2.0222,5.3036,-2.8156,1.6472,32.7683,-7.6404,-7.5549
82,2,436.8359,176.8389,503.1637,200.6510,3.2100,1.4415,1.6002,3.7646,-8.8102,1.6981,45.3077,-2.9040,-2.7127
82,2,732.8834,176.5295,767.9042,208.1051,-2.0995,1.6048,1.6628,3.7738,7.6244,1.8145,39.1787,-7.6066,-7.7969
83,2,502.5830,152.3329,581.7337,212.3243,7.7859,2.4347,2.0402,5.3444,-2.9289,1.6016,32.1060,-7.6519,-7.5612
83,2,430.5779,176.4075,499.3839,200.6275,2.5216,1.4458,1.5927,3.8505,-8.9726,1.6706,44.5654,-2.9459,-2.7480
83,2,315.3381,172.7349,404.7137,201.8456,0.4655,1.5266,1.7731,4.3194,-13.6019,1.5200,39.2128,-2.9012,-2.5691
83,2,889.6669,158.4396,1019.3041,241.3722,-1.8573,1.4859,1.6863,3.9571,6.9427,1.2274,15.0523,-7.6084,-8.0327
83,2,724.1743,168.0305,757.3150,196.8715,-2.0540,1.5990,1.7759,4.2902,7.5686,1.3312,42.2550,-4.5639,-4.7396
84,2,497.6326,151.2002,579.6507,214.2332,7.3185,2.4967,2.0924,5.3429,-3.0114,1.6387,31.4038,-7.6576,-7.5622
84,2,425.7021,177.1474,496.0889,201.9952,2.5369,1.4533,1.6046,3.8862,-9.0946,1.7218,43.9061,-2.8861,-2.6827
84,2,326.0820,158.1273,403.7811,195.5142,-2.1105,1.6323,1.7208,3.9226,-11.4417,0.9891,33.4567,-2.4058,-2.0785
85,2,493.1365,152.7447,577.6984,216.5659,7.4265,2.4699,2.1048,5.3360,-3.0803,1.6914,30.7465,-7.6571,-7.5575
85,2,421.4785,177.9303,492.0430,203.7575,3.0300,1.4856,1.5888,3.8258,-9.2002,1.7981,43.2225,-2.8974,-2.6885
85,2,726.7707,174.9359,764.4880,204.5297,0.0020,1.4488,1.6755,3.9367,6.9877,1.5632,37.6680,-7.7345,-7.9161
85,2,290.6776,180.5016,380.2654,209.1187,-1.4935,1.4304,1.6436,4.1364,-14.4155,1.8437,37.8587,-6.1081,-5.7463
86,2,488.4847,151.5207,574.7256,217.3904,7.1068,2.4876,2.0727,5.3622,-3.1667,1.6816,30.0799,-7.6595,-7.5549
86,2,413.9122,178.5021,488.2236,204.4274,2.8485,1.4664,1.6375,3.9662,-9.4014,1.8093,42.5995,-2.9145,-2.6983
86,2,284.0102,182.2687,358.4756,209.8105,-0.9077,1.3562,1.4436,3.2727,-14.8688,1.8525,37.1176,-3.0011,-2.6223
86,2,726.8044,170.2112,763.5836,200.8172,-1.3976,1.4957,1.7388,4.0736,6.9150,1.3663,37.4073,-7.7016,-7.8826
86,2,285.6267,171.8364,335.3514,195.5130,-1.8346,1.4409,1.6174,4.0812,-19.0504,1.3787,45.9833,-4.7527,-4.3617
86,2,714.1117,162.4466,759.8918,196.8151,-1.9490,1.5137,1.5941,3.6224,5.8165,1.0550,33.6123,-7.8240,-7.9935
86,2,904.7493,168.4290,1038.6732,218.8223,-2.1120,1.5595,1.6290,3.5920,11.6162,1.4223,23.4804,-6.0859,-6.5399
87,2,483.6696,150.2367,571.3990,218.0681,8.0133,2.4989,2.0538,5.3473,-3.2565,1.6654,29.4003,-7.6651,-7.5552
87,2,410.4693,178.0767,483.9902,204.3911,3.1281,1.4642,1.6243,3.8392,-9.4647,1.7759,41.8715,-2.9079,-2.6866
87,2,266.2594,174.6065,362.0347,204.1392,-1.0562,1.4433,1.7337,4.1902,-14.9924,1.5346,36.5575,-2.9985,-2.6116
87,2,719.2761,161.4228,760.6415,195.7204,-1.9716,1.4716,1.5716,3.6365,5.8197,0.9808,32.8456,-7.7540,-7.9275
87,2,724.7592,174.0898,768.6115,205.6384,-2.1927,1.5186,1.7082,4.0137,6.8972,1.5851,36.9477,-7.7940,-7.9767
87,2,270.6074,178.8543,314.0395,206.0924,-2.1961,1.5809,1.7437,4.1633,-19.9119,1.9738,45.0634,-2.1709,-1.7568
88,2,478.7240,151.2536,568.5688,218.8248,7.1809,2.4275,2.0707,5.3210,-3.3312,1.6512,28.7250,-7.6723,-7.5573
88,2,404.2110,177.3617,480.1814,204.5229,3.3689,1.4876,1.6383,3.9108,-9.6051,1.7527,41.2132,-2.8946,-2.6667
88,2,245.9610,178.1969,310.1105,204.1472,-1.7513,1.4933,1.5864,3.6935,-20.1492,1.8281,43.7048,-5.8098,-5.3799
88,2,713.4495,175.1343,781.7171,205.5146,-1.9176,1.4222,1.5542,3.5157,6.7631,1.5417,35.9877,-2.0208,-2.2046
89,2,472.7228,149.4846,565.6956,219.4642,6.3102,2.4483,2.0298,5.3862,-3.4200,1.6304,28.0791,-7.6655,-7.5448
89,2,399.4794,176.7462,476.6101,203.1698,4.1882,1.4250,1.6132,3.8998,-9.6685,1.6497,40.4915,-2.9167,-2.6834
89,2,720.6598,162.5243,768.7687,192.5119,0.1206,1.4270,1.6036,4.1619,6.6917,0.9351,36.4246,-4.7242,-4.9042
89,2,244.0433,173.4769,336.1726,204.9329,-1.6831,1.4758,1.6044,3.8397,-15.5313,1.5067,35.0076,-6.1151,-5.7001
90,2,467.5615,149.9349,564.0216,221.2214,7.2194,2.4275,2.0640,5.3798,-3.4597,1.6467,27.4046,-7.6674,-7.5424
90,2,393.7117,176.7018,471.8873,204.4453,3.8501,1.4707,1.6260,3.8750,-9.7994,1.6893,39.8247,-2.9109,-2.6708
90,2,723.3810,175.7488,767.5557,212.2024,-1.9241,1.5982,1.7590,4.4448,6.4732,1.7453,34.3829,-4.4555,-4.6395
91,2,461.1597,149.1298,559.8861,223.1508,7.3391,2.4541,2.0669,5.3100,-3.5637,1.6672,26.7196,-7.6727,-7.5408
91,2,386.8404,177.8547,466.5785,206.3445,2.9577,1.4814,1.6086,3.8842,-9.9614,1.7607,39.1434,-2.9252,-2.6773
91,2,221.9944,183.1547,275.2761,212.7273,-0.7074,1.5444,1.6273,3.7719,-20.5232,2.1585,41.0511,-4.8627,-4.4014
91,2,233.0427,173.5678,338.3714,207.0755,-0.8561,1.5269,1.6725,4.2058,-15.2017,1.5610,33.8507,-6.2374,-5.8180
92,2,456.1238,149.4776,557.2272,225.9430,6.6953,2.4658,2.0318,5.3435,-3.6092,1.7117,26.0780,-7.6738,-7.5371
92,2,383.7775,180.3175,463.0231,208.9819,3.5633,1.4556,1.5813,3.7827,-9.9602,1.8652,38.4404,-2.9218,-2.6695
92,2,719.0608,173.4290,774.4573,201.6610,-1.7900,1.4706,1.6336,3.7891,7.5288,1.5036,39.6963,-7.2612,-7.4469
93,2,449.3565,149.8624,553.8002,229.0958,7.7420,2.4809,2.0397,5.3447,-3.6861,1.7607,25.4016,-7.6782,-7.5350
93,2,375.6919,180.4074,458.3645,210.7859,3.6394,1.5172,1.6268,3.8700,-10.1326,1.9254,37.8254,-2.9335,-2.6731
93,2,337.8213,183.4964,403.9403,217.6341,-0.9170,1.4795,1.6353,3.6968,-11.3565,2.0147,34.3871,-7.7567,-7.4396
93,2,714.6650,174.9043,788.2800,204.0378,-1.6985,1.5100,1.5520,3.6083,7.5857,1.6241,38.9185,-3.4811,-3.6717
94,2,443.1611,149.5849,550.3364,230.0566,6.5414,2.4482,2.0189,5.3871,-3.7516,1.7400,24.7769,-7.6834,-7.5341
94,2,369.9349,180.2867,453.4504,211.3751,3.9434,1.5235,1.6191,3.8257,-10.2165,1.9177,37.1127,-2.9343,-2.6671
94,2,334.0261,183.7314,417.8933,219.9960,-0.9963,1.5338,1.6162,3.8118,-10.9318,2.0747,33.8289,-7.4401,-7.1295
94,2,716.2112,177.5436,775.2116,207.6325,-1.5930,1.4932,1.5970,3.6940,7.2181,1.7549,38.3685,-4.0612,-4.2453
95,2,435.1742,148.4764,548.2374,231.8667,6.6977,2.4578,2.0651,5.3632,-3.8038,1.7390,24.0873,-7.6783,-7.5227
95,2,361.2977,180.7403,449.3936,212.2775,3.5193,1.5175,1.6416,3.9666,-10.3553,1.9285,36.4653,-2.9605,-2.6853
95,2,1065.6293,49.2182,1241.0000,336.9815,-1.3561,1.5775,1.7079,4.1340,5.6100,0.8994,6.1581,-7.6364,-8.3521
96,2,428.5154,147.5967,544.7749,234.4898,7.3067,2.4858,2.0237,5.3522,-3.8601,1.7630,23.4550,-7.6752,-7.5132
96,2,354.0404,180.3447,444.4458,212.9891,3.1962,1.5391,1.6619,3.9948,-10.4729,1.9232,35.8030,-2.9348,-2.6518
96,2,718.1033,178.4276,784.8534,209.9116,-1.2932,1.5083,1.6465,3.7354,7.2867,1.8100,37.1741,-7.1019,-7.2934
97,2,421.1374,147.9299,540.4846,235.7262,7.2877,2.4335,2.0152,5.3493,-3.9278,1.7424,22.8063,-7.6837,-7.5144
97,2,346.7210,180.5123,438.5338,212.8969,3.6696,1.4969,1.6597,3.9756,-10.6063,1.8827,35.1550,-2.9321,-2.6408
97,2,189.9318,164.6837,335.0882,209.1054,-1.1566,1.5041,1.7089,4.3225,-12.2134,1.2272,25.4143,-3.0812,-2.6371
97,2,203.6102,178.8757,274.3606,216.5174,-2.0224,1.4527,1.5894,4.1222,-15.7314,1.7269,30.7169,-4.9033,-4.4332
98,2,412.6280,145.1284,537.5291,237.6322,6.9378,2.4796,2.0245,5.3721,-3.9784,1.7361,22.1605,-7.6820,-7.5057
98,2,339.5204,180.2047,432.5745,213.1668,2.9799,1.4953,1.6686,3.9332,-10.7200,1.8587,34.4920,-2.9362,-2.6366
98,2,139.8924,182.2705,232.1880,213.5375,-0.2268,1.4967,1.6299,4.0454,-21.5150,1.9905,36.5822,-6.0420,-5.5133
98,2,184.4394,170.2301,308.2658,217.7037,-1.3045,1.5212,1.6482,3.7307,-12.3979,1.4368,24.5297,-5.9358,-5.4719
99,2,403.6203,145.5398,533.2755,240.5948,6.4109,2.4658,2.0290,5.3531,-4.0504,1.7569,21.5264,-7.6844,-7.5000
99,2,329.0283,182.4527,425.0347,213.9293,3.2003,1.3928,1.6046,4.0262,-10.9534,1.8592,33.8704,-2.9304,-2.6195
99,2,118.2916,183.4944,224.2473,217.3102,0.4135,1.6011,1.8217,4.2276,-21.8029,2.1455,35.8830,-3.0720,-2.5291
99,2,724.6647,179.2906,769.8763,212.0628,-1.0252,1.4839,1.6339,3.7761,6.7660,1.8188,35.5287,-7.5134,-7.6995
100,2,395.3914,143.0818,528.5459,241.8021,7.4566,2.4727,2.0106,5.3467,-4.1029,1.7267,20.8724,-7.6938,-7.5014
100,2,326.5743,180.9240,418.4996,213.9686,2.3054,1.4418,1.5814,3.7031,-10.9159,1.8244,33.1281,-2.9637,-2.6474
100,2,104.2157,182.6911,213.7526,215.7956,1.0155,1.5352,1.7287,4.3326,-21.9197,2.0272,35.0877,-3.0688,-2.5136
100,2,143.0844,184.0284,253.5325,227.6429,0.3529,1.5461,1.6764,3.8782,-16.2903,2.0223,28.7048,-7.6521,-7.1396
100,2,722.3079,174.0559,769.9229,208.4954,-1.4788,1.5641,1.7007,3.8102,6.6106,1.6256,34.9946,-7.5118,-7.6964
100,2,289.0333,184.8749,370.4636,223.6929,-1.7014,1.4250,1.6203,3.7851,-11.4588,1.9512,29.6524,-7.7685,-7.4023
101,2,384.9711,139.6686,525.1080,242.5358,6.5384,2.4851,2.0496,5.3346,-4.1540,1.6831,20.2273,-7.6946,-7.4940
101,2,315.0240,179.9205,411.6948,213.5168,2.8380,1.4389,1.5820,3.8447,-11.1306,1.7682,32.5198,-2.9522,-2.6246
101,2,126.1501,175.7109,271.2588,218.0191,0.0901,1.4958,1.6899,4.5524,-15.2352,1.6057,26.7501,-6.1715,-5.6578
101,2,95.0040,177.7517,203.4352,214.3852,-0.0071,1.6270,1.8019,4.5999,-21.7662,1.8684,34.0358,-5.9679,-5.4023
102,2,375.1166,138.8262,519.4251,243.0014,7.6621,2.4289,2.0368,5.2875,-4.2224,1.6352,19.5899,-7.7025,-7.4923
102,2,314.4420,178.3207,402.3372,212.2081,2.7753,1.4261,1.5522,3.3348,-11.1096,1.6751,31.8108,-2.9402,-2.6064
102,2,83.5131,175.9357,189.6766,209.1973,1.0895,1.5166,1.6466,3.9068,-22.2092,1.6645,33.8788,-6.2817,-5.7049
102,2,109.2229,172.8919,216.8450,214.8067,0.0435,1.4677,1.6160,3.3706,-16.6954,1.4689,27.0623,-4.5500,-4.0014
103,2,363.0390,134.8405,515.6956,244.9846,6.6159,2.4679,2.0805,5.3426,-4.2710,1.6158,18.9609,-7.7078,-7.4886
103,2,291.5261,175.9828,398.2315,212.0374,1.4929,1.4947,1.6840,4.0634,-11.5229,1.6355,31.3321,-2.9517,-2.6017
103,2,8.3626,175.1254,124.3199,210.7323,0.3069,1.5787,1.7446,3.9448,-24.9026,1.6857,33.0997,-3.1986,-2.5573
103,2,94.6332,173.4422,203.6001,216.4179,-1.6529,1.4648,1.6157,3.2904,-16.7809,1.4874,26.3793,-4.5785,-4.0163
104,2,352.1459,133.8942,509.7311,247.9289,6.7149,2.4538,2.0246,5.3103,-4.3212,1.6152,18.2992,-7.7096,-7.4803
104,2,285.9031,177.4027,397.6255,213.9715,1.7844,1.4715,1.6646,4.2135,-11.3967,1.6722,30.6147,-6.0669,-5.7130
104,2,57.2904,178.6941,173.6910,213.1241,-0.2537,1.4947,1.6478,4.0983,-22.2122,1.7638,32.4467,-6.2900,-5.6934
105,2,337.7101,133.9861,504.6455,253.4366,8.0945,2.4659,2.0609,5.2543,-4.3855,1.6633,17.6446,-7.7080,-7.4672
105,2,272.2603,179.8602,387.3237,217.8127,1.4997,1.4884,1.6976,4.1973,-11.6522,1.7912,29.9813,-2.9513,-2.5833
105,2,241.8749,182.2089,345.4393,226.6646,-0.6039,1.4470,1.6249,3.8774,-11.4880,1.8153,26.3895,-7.6927,-7.2855
105,2,722.2077,175.3404,782.8932,211.7047,-1.4029,1.4749,1.6350,4.0902,6.2945,1.5916,31.7613,-4.2599,-4.4533
105,2,66.6207,175.2668,248.3202,234.7133,-1.8135,1.5427,1.6545,4.1020,-12.6253,1.6155,20.3538,-6.6496,-6.1001
105,2,946.7390,146.9865,1079.8302,204.7454,-2.0530,1.7714,1.8015,4.1893,13.3594,0.9778,24.3129,-7.9695,-8.4667
106,2,325.2825,133.7474,497.8141,257.9247,7.5785,2.4602,2.0179,5.2330,-4.4417,1.6851,17.0263,-7.7144,-7.4624
106,2,262.2129,181.7219,379.9168,219.4888,2.2010,1.4416,1.6629,4.2126,-11.7553,1.8167,29.3299,-2.9504,-2.5720
106,2,49.4071,170.4253,122.1868,221.5183,-1.5886,1.5810,1.6957,3.7968,-17.6622,1.5056,24.3892,-2.1195,-1.4977
106,2,918.7708,163.0990,1004.3926,204.7533,-1.6198,1.4379,1.5751,3.4442,12.8388,1.1009,26.6556,-4.6786,-5.1229
106,2,20.0535,186.0448,89.8589,223.6915,-1.7416,1.4783,1.6975,4.3079,-24.7424,2.1098,32.2541,-5.1794,-4.5288
107,2,309.2574,132.3953,494.5225,262.1106,6.8969,2.4534,2.0393,5.3193,-4.4710,1.6879,16.4262,-7.7087,-7.4464
107,2,253.2847,180.9791,371.0316,219.4319,2.5158,1.4354,1.6804,4.1061,-11.8689,1.7726,28.7212,-2.9278,-2.5389
107,2,737.9896,151.0695,787.0679,188.7963,-1.3325,1.6609,1.6956,3.8632,7.1703,0.7016,33.8724,-7.4951,-7.7017
107,2,897.5458,154.4505,1017.2393,204.3942,-2.1453,1.6769,1.7047,4.0136,12.5195,1.0587,26.3906,-8.1330,-8.5714
108,2,293.9596,129.4214,487.0170,264.8709,7.2647,2.4447,1.9973,5.3086,-4.5230,1.6605,15.7898,-7.7152,-7.4400
108,2,246.0941,181.8217,363.2493,220.8393,0.7767,1.4224,1.5927,3.9629,-11.8496,1.7841,27.9764,-6.0990,-5.7014
108,2,195.1049,184.2734,329.5690,235.3393,-0.4731,1.4860,1.6587,3.7366,-11.4701,1.8968,23.9395,-7.3323,-6.8895
109,2,275.9311,126.4702,482.1519,269.4050,7.6378,2.4523,2.0580,5.3652,-4.5470,1.6562,15.1701,-7.7275,-7.4404
109,2,236.0109,180.0734,346.6913,220.3312,0.0286,1.4452,1.5659,3.5729,-12.0961,1.7295,27.3676,-6.1101,-5.6972
109,2,739.9710,154.3692,778.9459,191.9680,-0.3603,1.6085,1.6411,3.9998,6.7756,0.8174,32.9905,-7.6548,-7.8554
110,2,255.3598,123.7784,474.3688,272.6862,6.3565,2.4328,2.0555,5.3208,-4.6186,1.6307,14.5579,-7.7259,-7.4233
110,2,189.8789,179.3687,300.3643,220.4328,-1.1955,1.4415,1.5760,3.8404,-13.8152,1.7001,27.2320,-5.9028,-5.4369
110,2,108.9509,186.5839,180.1028,245.5827,-1.4046,1.5375,1.6616,3.7738,-14.0135,1.9910,21.8032,-2.1044,-1.5384
111,2,233.3401,120.8601,468.3979,276.9679,7.0687,2.4152,2.0581,5.3519,-4.6534,1.6105,13.9503,-7.7232,-7.4063
112,2,207.6638,117.4824,458.8305,285.1849,7.0840,2.4486,2.0444,5.3603,-4.7232,1.6398,13.3219,-7.7286,-7.3935
112,2,723.3806,174.6619,814.0631,215.9406,-2.1507,1.4419,1.5622,3.7257,5.9915,1.5145,27.2299,-7.0598,-7.2735
113,2,181.7215,118.7905,449.6886,293.4250,7.4944,2.4058,2.0653,5.3173,-4.7658,1.6607,12.6996,-7.7390,-7.3862
113,2,738.3434,152.8755,779.8318,191.0095,-2.1045,1.5095,1.6183,4.0585,6.3312,0.7184,30.7185,-7.6340,-7.8352
114,2,151.2295,119.3402,440.8466,304.5473,5.8698,2.3963,2.0735,5.3564,-4.8131,1.7036,12.1112,-7.7445,-7.3731
114,2,729.8600,151.7773,783.2263,192.9177,0.2318,1.5820,1.6413,4.0120,6.0909,0.7712,29.9106,-7.5176,-7.7164
114,2,56.5495,188.4547,200.3466,250.2930,-1.9029,1.5095,1.7041,4.0910,-13.7173,2.0046,20.7951,-4.8036,-4.2261
115,2,118.4543,113.3324,426.1893,310.9470,6.3499,2.4025,2.0509,5.2368,-4.8926,1.6785,11.4781,-7.7560,-7.3607
116,2,77.8018,109.1061,418.5913,320.0942,7.0241,2.3800,2.0764,5.3594,-4.9175,1.6606,10.9058,-7.7584,-7.3433
116,2,1006.7687,160.0995,1075.2972,214.0892,-1.8197,1.4256,1.5866,3.6853,12.5140,1.0885,21.0390,-7.3083,-7.8385
116,2,730.1712,152.6554,797.2657,192.6973,-2.1366,1.4612,1.5417,3.5269,6.0244,0.7238,28.2414,-7.3251,-7.5330
117,2,27.0325,103.6886,405.8334,331.5526,5.9711,2.3751,2.0966,5.3807,-4.9961,1.6539,10.2982,-7.7593,-7.3171
117,2,928.6644,161.4652,1050.1796,208.8168,-1.0503,1.5411,1.6905,4.2070,13.2933,1.1701,25.6830,-4.8507,-5.3233
117,2,999.7330,163.6206,1080.3043,216.9500,-1.2202,1.3880,1.5671,3.6024,12.2037,1.1474,20.7439,-7.4367,-7.9621
117,2,885.8287,167.0364,954.8931,189.7575,-1.8266,1.4934,1.6655,3.9757,20.7954,1.1107,48.5463,-2.9905,-3.3928
118,2,0.0000,98.2014,391.8070,345.8143,6.7138,2.3733,2.0538,5.3494,-5.0065,1.6574,9.6673,-7.7696,-7.3024
118,2,960.5399,163.0021,1133.6057,224.6701,-1.4208,1.5191,1.6617,4.0061,11.8223,1.2761,19.9317,-8.1460,-8.6745
118,2,912.6944,173.9389,1006.7060,215.9311,-1.6231,1.4592,1.6492,3.5150,12.9146,1.5021,26.9700,-7.9149,-8.3568
119,2,0.0000,92.9218,377.7747,363.6313,5.3765,2.3568,2.0976,5.3523,-5.0557,1.6606,9.0340,-7.7730,-7.2747
119,2,932.4629,149.4202,1094.0768,210.6864,-1.5356,1.8837,1.8056,4.5766,13.5388,1.1629,24.6322,-2.0487,-2.5459
120,2,0.0000,83.7877,361.6479,374.0000,5.0285,2.3866,2.0832,5.4267,-5.1022,1.6843,8.4656,-7.7851,-7.2560
120,2,900.2999,175.0995,1004.5667,217.8474,-2.0520,1.4461,1.6270,3.9285,12.4791,1.5352,26.6729,-7.9769,-8.4098
121,2,0.0000,69.3281,343.3065,374.0000,3.5056,2.4260,2.0582,5.4026,-5.1280,1.6940,7.8591,-7.7920,-7.2288
121,2,903.1717,172.1998,1009.0759,217.3351,-1.4160,1.5127,1.6667,3.8884,12.3892,1.4905,26.2050,-4.8203,-5.2571
122,2,0.0000,66.7797,319.0017,374.0000,3.4696,2.4158,2.0368,5.1647,-5.1556,1.7209,7.3424,-7.8172,-7.2216
122,2,912.3680,154.3873,978.7316,181.2210,-1.3214,1.6655,1.6759,3.7469,21.6832,0.5190,46.8361,-8.2553,-8.6864
123,2,0.0000,48.5712,296.0743,374.0000,2.9068,2.4188,2.0343,5.2154,-5.1520,1.7113,6.7224,-7.8451,-7.2099
124,2,0.0000,16.0028,267.9232,374.0000,2.7137,2.3787,2.0711,5.3544,-5.2358,1.6492,6.0372,-7.8485,-7.1556
125,2,0.0000,0.0000,244.8873,374.0000,2.5530,2.4131,2.0141,5.3030,-5.2369,1.6847,5.4499,-7.8192,-7.0780
125,2,891.4894,168.5043,962.2006,193.8735,-2.0414,1.5296,1.5953,3.6796,19.4651,1.2671,44.4757,-6.3795,-6.7893
126,2,0.0000,0.0000,204.5329,374.0000,2.3509,2.4246,2.0303,5.1176,-5.2541,1.6798,4.8441,-7.8432,-7.0447
126,2,967.0863,146.9689,1060.7058,182.4749,0.6440,1.6043,1.6645,4.0921,19.3049,0.4344,34.7732,-4.9147,-5.4179
127,2,0.0000,0.0000,160.2791,374.0000,1.4209,2.2623,1.9763,4.7680,-5.2447,1.6225,4.3609,-4.7155,-3.8685
127,2,0.0000,3.2628,96.0722,245.4552,-1.3218,1.8186,1.8314,4.5722,-8.5633,0.5449,7.8696,-4.4261,-3.6154
127,2,968.6575,155.4297,1068.5975,195.4043,-2.0819,1.7737,1.8396,4.2326,19.2302,1.0003,34.2629,-8.0357,-8.5433
128,2,0.0000,0.0000,116.1274,374.0000,1.0897,2.1557,1.8447,4.6256,-5.1318,1.6238,3.8621,-7.8974,-7.0052
128,2,0.0000,181.2641,87.0720,260.3303,0.3284,1.5112,1.6077,3.7378,-13.3402,1.6999,15.1184,-2.9796,-2.2653
128,2,920.8746,157.6693,995.5802,185.0980,-0.9724,1.5983,1.6746,3.7675,20.7936,0.7132,43.2108,-3.3244,-3.7702
128,2,1169.5356,122.8644,1241.0000,192.5058,-2.0348,1.5943,1.7148,3.9697,16.6600,0.4496,18.5421,-4.6645,-5.3888
129,2,0.0000,181.1371,65.7592,261.2273,2.1688,1.4771,1.6346,3.7114,-13.3899,1.6542,14.4830,-3.0552,-2.3182
129,2,0.0000,186.3674,65.9494,374.0000,-1.4194,1.5910,1.6515,3.8104,-4.9694,1.6965,3.6761,-4.8017,-3.9028
129,2,0.0000,0.0000,1241.0000,374.0000,-1.5800,2.1595,1.9169,4.6250,2.8764,0.9985,1.3975,-7.5980,-8.6385
130,2,0.0000,179.8813,36.5786,262.1958,1.7341,1.4463,1.6117,3.6718,-13.4237,1.5893,13.7769,-3.0680,-2.3052
130,2,1019.0126,150.3204,1077.6287,196.2630,-1.9600,1.5122,1.6357,3.6836,15.5191,0.7702,25.7574,-7.3493,-7.8865
132,2,893.2800,163.5390,950.9692,192.7122,-0.3154,1.6102,1.6994,3.9553,18.0826,1.0957,41.8144,-7.0578,-7.4632
132,2,990.1057,169.8795,1150.4147,229.3703,-1.8928,1.4861,1.6671,4.7335,12.6888,1.4115,19.8982,-3.6460,-4.2066
133,2,987.7223,169.3916,1093.1831,208.5655,-0.2779,1.5864,1.6793,4.1424,18.5472,1.4459,31.3962,-4.8677,-5.3969
134,2,915.1403,146.5511,1005.5076,177.0605,-1.6379,1.6580,1.7970,4.3969,19.6268,0.2283,40.5542,-3.3548,-3.8027
134,2,983.7552,162.9693,1090.6718,233.7717,-1.9990,1.5064,1.5766,3.4088,10.1593,1.2958,17.1512,-7.1308,-7.6577
135,2,1078.2843,182.0218,1217.2098,257.7462,-1.4529,1.4375,1.6287,4.0137,11.9524,1.6730,16.3872,-4.3095,-4.9306
135,2,1045.6412,149.2829,1188.1180,201.1089,-2.0385,1.9562,1.9184,4.3446,19.7901,1.0662,28.3474,-6.3548,-6.9592
135,2,1011.6126,154.1318,1124.6750,198.5466,-2.0464,1.7804,1.7703,3.6862,18.9710,1.0296,30.0273,-3.2643,-3.8231
136,2,1171.0033,163.3317,1241.0000,285.1644,0.3961,1.6855,1.7272,4.4005,11.5785,1.5535,12.3365,-4.4270,-5.1684
137,2,1185.2283,177.2168,1241.0000,292.0865,-0.9278,1.5634,1.7312,3.9573,11.6106,1.6494,12.1226,-4.4365,-5.1876
137,2,88.7880,154.1750,243.3070,208.8450,-1.1401,1.6244,1.6424,3.7559,-13.6632,1.0691,22.2724,-3.1482,-2.6031
139,2,892.2131,157.4802,985.4059,198.5290,-1.1679,1.9705,1.8224,4.3266,16.7025,1.2322,36.9811,-1.9266,-2.3476
139,2,1085.9067,151.9478,1144.4958,200.5457,-1.2554,1.6723,1.6830,3.8594,18.7539,0.9526,26.8949,-7.2478,-7.8514
139,2,1154.2289,147.8426,1241.0000,194.2749,-1.9601,1.6003,1.6412,3.8256,22.4374,0.7380,26.4131,-2.7106,-3.4092
140,2,1066.2711,174.7080,1241.0000,274.6540,-0.3059,1.6406,1.7553,4.0885,11.4785,1.6824,14.1515,-8.2604,-8.9311
140,2,1192.8414,170.9072,1241.0000,227.2739,-1.0324,1.5840,1.6924,3.9080,19.3802,1.5290,22.3772,-7.2823,-7.9892
143,2,1172.8544,92.5979,1241.0000,301.8417,-2.0626,1.6066,1.7326,4.1776,8.1616,0.9901,7.7594,-7.6537,-8.4457
144,2,1103.9274,167.2088,1230.6746,209.9220,-2.0930,1.4745,1.6588,4.0249,20.5787,1.2793,26.9325,-4.6984,-5.3453
145,2,1142.5327,138.6745,1241.0000,304.5640,-0.7114,1.9441,1.8638,5.1514,11.2465,1.5432,11.1400,-8.0007,-8.7772
148,2,887.1478,150.0866,991.2802,185.6205,-1.8749,1.5542,1.6781,3.9768,14.7854,0.5581,32.5977,-6.3855,-6.8079
149,2,945.0971,174.2775,1090.9113,236.1958,-1.1730,1.4319,1.6354,3.5955,10.2843,1.4718,18.5935,-7.8873,-8.3853
149,2,1139.8943,121.6843,1208.8663,170.4525,-1.5459,1.4776,1.6490,3.8028,18.6962,-0.0872,24.0869,-4.0918,-4.7463
150,2,386.5749,160.9801,457.6926,194.0765,-2.0731,1.5847,1.7458,3.8336,-9.5012,1.0159,36.6370,-7.5568,-7.3046
150,2,1004.3663,175.4969,1182.9838,240.9021,-2.1410,1.4513,1.6247,3.7621,11.6439,1.5201,17.4808,-6.6013,-7.1807
151,2,1035.5051,175.1986,1120.2040,246.4563,-0.7588,1.5161,1.5576,3.4949,11.2556,1.5783,17.3504,-4.0931,-4.6603
152,2,1022.0928,172.8735,1193.9622,244.6517,-1.7680,1.4956,1.6494,3.6326,11.3804,1.4957,16.5576,-3.5841,-4.1775
153,2,1045.5237,171.5181,1241.0000,248.6938,0.4072,1.6030,1.6363,3.7575,11.9685,1.5750,16.1806,-3.3526,-3.9803
153,2,1121.3149,129.0094,1241.0000,176.0690,-0.7670,1.4955,1.6660,3.9591,19.8181,0.1019,24.9321,-4.6842,-5.3504
154,2,1054.0217,171.2004,1241.0000,256.9888,1.0368,1.7285,1.7205,4.0830,12.1019,1.6949,15.7739,-3.3346,-3.9794
154,2,705.6398,177.2206,782.9849,221.5781,-0.8171,1.4120,1.4848,3.3702,4.6881,1.5748,25.1443,-7.2813,-7.4629
155,2,1035.8123,173.5834,1241.0000,265.4413,0.7733,1.7720,1.7820,4.4837,11.5799,1.7885,15.2674,-3.3458,-3.9848
156,2,1053.3058,175.4938,1241.0000,273.1388,0.6540,1.8292,1.8001,4.4343,11.7315,1.8883,14.9126,-3.3426,-3.9988
156,2,877.7011,144.5538,999.3779,184.5836,-1.0435,1.5643,1.6951,4.1460,13.1462,0.4581,29.1131,-6.3169,-6.7373
157,2,621.4496,170.9453,670.0318,198.3069,-2.0727,1.5682,1.6750,3.6603,2.0629,1.4585,43.3574,-1.9016,-1.9484
158,2,538.7772,174.3210,586.1237,200.4712,-1.9138,1.6190,1.6700,4.2224,-3.0855,1.7193,47.1910,-7.5473,-7.4820
161,2,622.0814,172.3449,672.3051,199.5891,-1.3296,1.4806,1.6796,4.1598,2.0368,1.4526,41.4385,-4.9737,-5.0221
161,2,1123.7490,177.6738,1241.0000,293.6860,-1.4686,1.5279,1.6372,3.8154,10.2938,1.6184,11.6325,-4.6330,-5.3444
162,2,1135.7576,180.2811,1241.0000,284.7276,1.0535,1.6477,1.6270,3.5693,11.4452,1.7857,12.4749,-6.2016,-6.9316
163,2,1155.1506,183.9612,1241.0000,295.0870,1.4642,1.6814,1.6868,3.8033,11.6221,1.8864,12.2342,-6.4214,-7.1684
163,2,954.7407,150.0792,1038.2000,195.2798,-2.1545,1.4963,1.6450,3.7787,13.8232,0.7420,25.8107,-7.0799,-7.5668
164,2,1171.9479,184.0392,1241.0000,297.3942,1.2952,1.6613,1.6544,3.6889,11.5340,1.8591,11.7758,-6.3810,-7.1428
165,2,973.9143,183.6415,1130.4028,247.8457,-2.0497,1.5424,1.6684,3.7410,12.0034,1.8703,19.9738,-8.0074,-8.5413
166,2,678.7807,169.6600,732.5049,190.9882,-1.5946,1.5993,1.8414,3.7902,7.3819,1.3595,55.8562,-6.8116,-6.9420
167,2,628.7626,169.7734,664.0636,199.2400,-1.4122,1.5453,1.6538,3.7379,1.9220,1.3835,39.7305,-7.8813,-7.9288
168,2,677.8187,168.7161,725.9277,189.7104,-1.9329,1.5627,1.7321,4.0940,7.1133,1.2544,55.8253,-7.1469,-7.2726
168,2,1137.8715,141.0303,1241.0000,191.9213,-2.0626,1.5297,1.6497,3.8697,18.9774,0.5728,23.3306,-3.6343,-4.3111
170,2,1075.3721,146.0603,1231.7385,193.4531,-1.7425,1.5485,1.7421,4.2180,18.8844,0.6728,25.3910,-5.7551,-6.3891
171,2,1076.3430,147.8248,1186.2626,200.0086,-1.3452,1.6550,1.6867,4.0125,17.8744,0.8609,25.0314,-4.4778,-5.0923
172,2,1045.6497,148.2087,1165.1880,193.6901,-0.8319,1.5378,1.6480,3.9176,17.8939,0.7042,26.3634,-7.8639,-8.4550
176,2,1065.2084,146.8660,1205.9214,194.5988,-0.9264,1.4607,1.6504,3.6286,17.2904,0.6651,24.0197,-8.0490,-8.6672
176,2,627.2936,177.6718,690.3461,203.8229,-2.0641,1.6025,1.5702,3.6960,3.0547,1.9164,45.8603,-3.3820,-3.4476
180,2,628.2303,172.0233,657.6815,195.9787,-1.4690,1.4477,1.6021,3.7119,2.0814,1.3972,45.5407,-4.5964,-4.6414
180,2,1043.1584,190.9970,1228.8353,274.5403,-1.9821,1.5387,1.6592,3.4881,11.2721,1.9818,15.8497,-4.6598,-5.2684
181,2,1061.2271,129.4947,1200.1490,181.3342,-0.8400,1.5110,1.6194,3.4862,16.2947,0.2469,22.8636,-7.9836,-8.5970
182,2,564.0724,167.0958,624.7955,189.3862,-2.1101,1.5104,1.6525,3.9094,-1.1211,1.1199,50.3584,-6.6459,-6.6234
185,2,591.8034,170.5751,664.1885,214.7974,-2.1373,1.6074,1.6510,3.9129,0.5810,1.5242,28.3405,-1.8792,-1.8988
186,2,430.9910,168.9529,461.7651,197.2815,-0.8835,1.6559,1.6747,4.2205,-10.1494,1.4275,44.4311,-8.1179,-7.8943
187,2,14.5699,133.8008,149.9428,186.1192,-1.6044,1.4606,1.6282,3.5027,-15.9145,0.3700,21.9196,-4.7441,-4.1219
187,2,390.5242,164.7308,462.4775,195.3465,-1.8706,1.7591,1.8337,4.0509,-10.8484,1.2920,42.7638,-3.3447,-3.0975
188,2,38.0276,164.9853,226.1507,227.6561,-1.6583,1.5809,1.7039,4.0904,-13.3852,1.3821,20.3781,-7.2733,-6.6980
190,2,406.4947,150.8562,460.3338,195.5050,-2.0781,1.5197,1.6101,3.8508,-6.4769,0.7707,26.5864,-8.0095,-7.7726
191,2,420.4333,151.1405,471.0366,195.0402,-0.6504,1.5365,1.6252,3.6767,-6.1692,0.7762,27.1977,-8.0124,-7.7912
191,2,1122.5576,141.1203,1241.0000,208.5790,-1.7032,1.6582,1.7205,3.8606,16.1169,0.8779,19.7037,-7.8083,-8.4866
191,2,620.8839,175.9779,680.7041,199.1056,-1.9642,1.5127,1.6666,3.8163,2.6783,1.7264,48.4444,-6.3645,-6.4190
192,2,411.8981,150.1443,478.5128,196.3592,0.5228,1.5801,1.6633,4.0268,-6.0518,0.8034,26.7084,-7.8851,-7.6642
192,2,1172.9735,130.4146,1241.0000,218.6652,-1.9425,1.8867,1.8127,4.4048,16.3579,0.9791,17.6401,-4.7257,-5.4650
193,2,0.6251,131.4438,154.1282,190.1128,-2.1971,1.5149,1.6581,3.5675,-14.9468,0.4453,20.4349,-4.6870,-4.0617
194,2,486.8220,167.2977,520.4163,196.1543,-1.8278,1.8097,1.7046,4.0065,-7.0625,1.4609,47.4073,-1.8397,-1.6923
196,2,498.2207,168.6000,542.0141,196.3699,-1.9791,1.7324,1.7153,3.8644,-5.8449,1.4667,47.0733,-7.6600,-7.5368
197,2,0.0000,125.2294,170.4144,190.9972,-1.2428,1.5399,1.6712,4.2982,-14.1539,0.4245,19.1669,-7.6543,-7.0249
198,2,0.0000,130.6461,177.2406,191.4420,-1.7851,1.6336,1.7238,4.1890,-14.9119,0.4992,20.6259,-2.9536,-2.3337
199,2,716.0821,175.6780,814.3206,210.8564,-2.1837,1.5445,1.6589,4.0762,6.9390,1.6757,32.7020,-6.3085,-6.5153
200,2,546.0757,173.0734,575.3881,196.3242,-1.0766,1.4225,1.5447,3.6094,-3.1387,1.4367,45.9993,-7.8311,-7.7630
201,2,544.1780,172.2625,571.9142,197.2837,-1.5076,1.5263,1.6425,4.0086,-3.3107,1.4899,46.0498,-7.8943,-7.8226
201,2,517.6885,162.8220,568.8530,198.0324,-1.7559,1.8313,1.7426,4.2263,-3.6468,1.3092,39.7608,-7.6753,-7.5841
202,2,856.5862,172.9463,1006.1842,264.1000,-1.4622,1.4681,1.5760,3.8972,5.8213,1.4698,13.6650,-7.7132,-8.1075
202,2,746.7699,176.1142,787.3539,209.3302,-1.8504,1.3946,1.5483,3.7133,7.0054,1.5506,32.6287,-4.5644,-4.7735
202,2,562.7444,170.3431,591.7022,196.0164,-2.0208,1.5554,1.6494,3.6841,-2.0670,1.4030,45.5590,-7.8501,-7.8046
202,2,719.5529,177.2795,860.1065,230.5624,-2.0280,1.5525,1.6327,4.0850,5.4185,1.6962,22.3455,-2.9803,-3.2145
203,2,623.6832,174.1359,669.9190,196.7997,-1.6551,1.4808,1.6558,3.7742,2.4446,1.5720,49.4373,-8.2641,-8.3128
204,2,550.2177,167.0085,604.9698,187.5811,-1.4393,1.6277,1.7874,4.1179,-2.6298,1.1649,58.3656,-6.0876,-6.0425
204,2,763.0350,181.9171,813.4121,217.7850,-1.6024,1.4441,1.5773,3.3498,7.7132,1.8629,31.6437,-7.7889,-8.0253
207,2,597.5831,175.2453,631.7560,203.9992,-2.0240,1.6666,1.8101,4.2587,0.2031,1.8206,44.3654,-4.7747,-4.7788
208,2,694.1338,184.1707,746.5405,208.9183,-1.7128,1.4971,1.6952,3.7919,7.2601,2.2728,47.4763,-4.0180,-4.1683
210,2,798.9366,186.8211,857.6891,226.2681,-0.8624,1.4213,1.5862,4.0491,8.8211,2.0343,29.5826,-7.7449,-8.0313
213,2,614.2816,173.6591,646.9332,207.0415,-1.6691,1.8306,1.7913,4.1577,1.2028,1.8793,41.7920,-7.8009,-7.8289
214,2,583.6554,181.4863,631.5556,209.4029,-1.9240,1.4526,1.5958,3.6049,-0.2199,1.9631,40.7255,-8.1956,-8.1897
215,2,338.3320,135.3038,446.2872,198.9385,-2.1457,1.5241,1.6811,3.4500,-5.6696,0.6245,19.0425,-7.8092,-7.5234
216,2,608.6964,165.8892,643.9183,201.3544,-0.8916,1.8773,1.7999,4.3943,0.9287,1.5083,40.4426,-4.6493,-4.6716
218,2,0.0000,136.6518,140.6144,243.8517,-0.9913,1.7106,1.7093,3.9405,-10.6256,1.1326,13.6371,-4.9720,-4.3195
219,2,0.0000,0.0000,1241.0000,374.0000,-1.1575,2.0989,1.8372,4.3094,2.8392,1.0202,1.7445,-7.4870,-8.4359
219,2,0.0000,147.4125,157.3176,242.4830,-1.9516,1.5331,1.6766,3.5326,-10.2422,1.1225,13.5183,-8.0242,-7.3852
220,2,0.0000,170.4221,38.4485,309.9013,-1.8499,1.4845,1.6604,3.6572,-8.9965,1.4583,9.6666,-5.2834,-4.5476
220,2,1118.8866,125.9513,1230.4181,182.0494,-2.1770,1.5551,1.6936,3.8610,17.0903,0.2546,22.1090,-7.4683,-8.1202
221,2,585.1431,166.1658,641.2804,205.8636,-1.3875,1.9752,1.8422,4.4586,0.2052,1.6421,38.2969,-7.5750,-7.5798
221,2,602.7422,163.8062,627.1686,185.7198,-1.6320,1.5111,1.6845,4.1202,0.3066,0.8869,51.8181,-7.8556,-7.8613
221,2,830.3762,150.6738,881.9423,195.4107,-1.9467,1.7266,1.7805,3.8018,10.0881,0.8703,29.9152,-7.5895,-7.9115
222,2,0.0000,0.0000,1241.0000,374.0000,-2.0115,2.5467,2.0525,5.8937,-5.1951,1.6929,2.9914,-7.7167,-6.7077
223,2,0.0000,200.5885,99.4889,305.7143,-1.7964,1.3875,1.5761,3.6730,-9.9275,1.9440,12.5223,-8.4479,-7.7878
226,2,0.0000,0.0000,1241.0000,374.0000,-0.9434,1.5167,1.6766,4.0880,3.7637,1.3242,2.1338,-8.2112,-9.2088
227,2,974.1030,210.8535,1241.0000,374.0000,-2.0807,1.4620,1.5751,3.5822,2.3269,1.6562,1.8630,-3.9374,-4.7580
228,2,0.0000,124.7001,115.3809,224.0101,-1.4275,1.3811,1.5637,3.3848,-9.1842,0.7111,11.8783,-8.4354,-7.7880
229,2,961.0708,174.6283,1045.9598,239.7213,-1.9785,1.5685,1.7011,4.0973,10.5771,1.6222,19.7249,-7.4377,-7.9231
230,2,650.1205,188.2270,692.9551,211.6142,-1.5449,1.5903,1.8144,4.0435,4.6336,2.7917,54.1868,-7.3817,-7.4659
244,2,0.0000,0.0000,428.2033,374.0000,-1.6989,2.4016,1.9853,5.4636,-2.6596,1.7137,3.5937,-7.8480,-7.2446
245,2,0.0000,0.0000,398.7582,374.0000,-1.8708,2.0004,1.8643,5.0049,-2.6890,1.4813,3.2452,-7.8470,-7.1939
245,2,527.2580,173.1267,553.7356,193.8138,-2.1639,1.5273,1.6653,3.9031,-5.3171,1.5486,55.2755,-4.7152,-4.6194
246,2,98.4305,0.0000,1241.0000,374.0000,-1.1053,2.4509,1.9819,5.5788,-2.6606,1.5756,2.3679,-7.8723,-7.0833
247,2,1156.1653,176.3491,1241.0000,352.3924,0.4656,1.4851,1.6343,3.6400,8.2808,1.5327,8.0260,-7.9128,-8.6951
247,2,0.0000,0.0000,1241.0000,374.0000,-0.0207,2.3049,2.0051,5.8287,-2.6559,1.4639,1.6976,-7.9587,-7.0273
247,2,510.7728,174.5935,542.0175,195.0046,-1.7403,1.4687,1.6401,3.8045,-6.2711,1.6039,54.2135,-4.6363,-4.5213
248,2,0.0000,0.0000,1241.0000,374.0000,0.1103,2.1477,1.8538,4.8697,-2.5840,1.5277,1.3463,-7.9526,-6.9433
248,2,497.7528,175.2481,536.5976,195.2721,-2.1053,1.4175,1.5536,3.4734,-6.9301,1.6007,53.4152,-5.2667,-5.1379
249,2,0.0000,0.0000,1241.0000,374.0000,-1.1542,1.6317,1.6490,3.9926,-2.6428,1.5722,1.3958,-7.8740,-6.8681
255,2,573.5574,180.4570,602.4071,205.3712,-1.6860,1.6002,1.6571,3.7408,-1.5774,2.1420,49.4914,-4.8299,-4.7977
255,2,883.6357,170.3868,1057.2229,223.6911,-1.7675,1.4368,1.6116,4.0668,9.9719,1.3700,20.2570,-3.1403,-3.5915
258,2,462.5507,181.6736,508.6661,208.9422,-1.9935,1.7251,1.7368,3.7640,-8.5190,2.3491,49.0237,-2.1490,-1.9774
259,2,583.9556,181.5163,612.9717,205.9662,-2.0963,1.4815,1.5935,3.2986,-0.8111,2.0621,46.6634,-7.9571,-7.9392
260,2,0.0000,154.5573,121.9367,236.5930,-0.2781,1.7909,1.7489,4.7074,-14.5593,1.3912,18.2047,-7.9944,-7.3268
260,2,42.1487,160.6556,177.6160,214.5716,-0.4199,1.8114,1.6788,3.8637,-17.6130,1.4013,25.4092,-2.9637,-2.3623
260,2,0.0000,145.1573,160.0037,196.2536,-0.8199,1.4992,1.7060,4.0374,-16.3418,0.6863,22.0421,-6.2739,-5.6416
262,2,0.0000,152.4321,91.7699,232.1141,-0.3905,1.5877,1.7296,4.4856,-14.3622,1.1805,16.6859,-4.7983,-4.0955
262,2,37.1494,150.0754,205.1224,204.4210,-1.9640,1.5049,1.6616,3.7048,-14.1805,0.8738,21.0387,-6.4100,-5.8227
263,2,0.0000,154.6962,103.0417,232.4606,0.1695,1.6226,1.6885,4.2400,-14.3322,1.2434,17.2522,-7.9593,-7.2736
264,2,51.8386,155.3130,204.0793,216.3059,-1.1087,1.8257,1.7535,4.3141,-15.7745,1.3004,23.8580,-7.7109,-7.1317
265,2,295.6445,177.9525,336.8556,203.4725,-0.3531,1.4323,1.6328,3.7328,-17.6002,1.7519,43.2832,-4.9139,-4.5296
265,2,5.1002,174.4880,173.3708,229.4384,-1.1456,1.5383,1.6923,4.0671,-15.9240,1.5925,22.1873,-6.9087,-6.2917
266,2,240.5671,179.5510,321.8748,208.8427,-0.0924,1.5289,1.6646,3.8296,-17.9838,1.9076,39.5436,-3.3988,-2.9742
267,2,251.4639,178.7957,332.9105,207.8039,-0.3312,1.5154,1.6571,3.7709,-17.2814,1.8480,39.2931,-6.4529,-6.0408
267,2,0.0000,54.0072,101.8164,305.4733,-1.6664,1.5892,1.6642,3.8972,-6.4755,0.8378,6.0597,-2.7587,-1.9621
268,2,0.0000,157.2136,139.5911,219.2070,0.9644,1.7326,1.6639,3.7576,-16.2674,1.2952,21.3687,-2.9328,-2.2880
268,2,280.1315,171.7159,328.6179,202.8773,-1.7054,1.6328,1.6894,3.8043,-16.8415,1.5729,39.8317,-8.0382,-7.6403
269,2,0.0000,158.0038,127.5353,221.4910,0.5040,1.7299,1.7525,4.0479,-16.4938,1.3250,20.8693,-2.9701,-2.3074
269,2,484.7467,174.5713,535.0447,199.0544,-0.2592,1.4138,1.5597,3.2469,-6.1200,1.5215,43.6626,-5.3937,-5.2549
269,2,158.4586,178.6100,302.1422,225.3797,-2.0512,1.6333,1.7110,4.3360,-13.8448,1.8513,26.4050,-3.1947,-2.7156
270,2,175.7491,167.9900,285.7801,202.7390,-1.9616,1.5008,1.6817,4.0609,-16.8823,1.2904,32.1412,-3.0731,-2.5927
271,2,480.4079,173.1650,537.9922,199.3861,-1.9985,1.4860,1.5925,3.3482,-6.0150,1.5048,42.6453,-2.4064,-2.2668
271,2,171.1875,185.8377,270.7779,240.0334,-2.1768,1.4477,1.6386,3.5487,-11.8157,1.8785,22.0667,-8.0245,-7.5376
272,2,147.6833,188.0040,236.4908,246.1576,-0.9010,1.4739,1.6789,3.6822,-12.2950,1.9644,21.3573,-1.9260,-1.4088
272,2,0.0000,0.0000,1241.0000,374.0000,-1.9886,1.4502,1.5652,3.9125,1.9469,1.6226,1.4932,-4.0330,-4.8582
273,2,1068.7111,78.2003,1241.0000,374.0000,-0.5644,1.9750,1.9146,5.4231,6.6565,1.5216,6.2043,-7.8969,-8.6935
274,2,0.0000,190.1826,191.4124,256.0832,-1.9661,1.4933,1.6615,3.7146,-13.0236,1.9663,18.3785,-3.4330,-2.8231
274,2,719.1163,173.5302,746.0683,189.8817,-1.9805,1.5172,1.6242,3.6507,11.7466,1.5835,69.1107,-4.2716,-4.4390
278,2,0.0000,0.0000,1241.0000,374.0000,-0.6779,1.5191,1.6805,4.1512,2.3316,1.5607,1.3987,-7.5283,-8.4693
278,2,664.0422,177.5218,725.8560,210.6375,-1.7812,1.4816,1.5632,3.6985,3.9966,1.7197,34.8460,-5.0253,-5.1379
283,2,609.3163,171.9332,641.0719,192.6332,-2.0235,1.9010,1.8026,4.6548,1.4706,1.8162,68.7548,-4.4091,-4.4300
284,2,765.1110,173.9497,791.0891,191.8313,-0.4740,1.4773,1.5608,3.3436,14.2776,1.5730,61.5212,-7.8121,-8.0387
285,2,500.9492,174.4375,522.0125,194.9576,-2.0130,1.6226,1.6333,3.4789,-8.1305,1.7562,59.1861,-8.0118,-7.8756
286,2,962.6721,163.0926,1032.6737,195.4143,-1.3762,1.4421,1.5559,3.3244,18.0764,1.0063,33.8726,-7.8311,-8.3175
286,2,799.0400,172.6562,861.2984,210.3522,-1.7547,1.4109,1.5753,3.5607,8.6734,1.4032,28.8281,-7.7980,-8.0870
288,2,779.5138,172.8242,811.1704,192.1512,-1.6627,1.5189,1.6628,3.5422,14.9561,1.5163,58.4787,-7.8510,-8.0999
289,2,792.1259,155.5779,909.4127,199.0714,-1.0742,1.5021,1.6265,3.7077,8.5113,0.9052,25.8792,-6.2029,-6.5170
289,2,787.5963,172.4442,817.9890,191.1569,-1.4543,1.4510,1.6124,3.2991,15.3335,1.4190,57.6188,-7.8302,-8.0887
290,2,721.2888,159.1927,760.2377,195.3461,-1.5873,1.4555,1.5499,3.9019,5.5765,0.9052,31.1044,-7.6810,-7.8565
291,2,1006.6661,146.8216,1141.5929,207.7254,-0.4819,1.4379,1.6522,4.1518,12.1925,0.8230,18.9468,-3.7893,-4.3540
291,2,0.0000,57.7496,109.1194,374.0000,-0.7082,1.6069,1.7342,4.2710,-4.1549,1.4712,3.1283,-4.9491,-4.0647
291,2,1159.9973,176.9443,1241.0000,227.6990,-1.7609,1.4427,1.6020,3.7101,19.6332,1.5812,22.6514,-5.5402,-6.2475
292,2,1006.3527,133.2440,1090.2727,198.7658,-1.7438,1.4751,1.6583,4.1401,11.1591,0.5831,18.4380,-4.1515,-4.6888
293,2,799.0598,170.2158,839.6077,190.3452,-0.7248,1.4735,1.6528,3.6355,15.7998,1.2801,54.7231,-7.9766,-8.2559
295,2,768.3433,175.3885,844.5487,227.3258,-0.8673,1.4691,1.6081,4.1511,6.0345,1.5563,22.7566,-4.6243,-4.8796
296,2,804.9988,167.7474,862.1451,189.2962,-2.1563,1.5084,1.6938,3.8445,15.9722,1.1507,51.8124,-6.0286,-6.3258
297,2,0.0000,0.0000,1241.0000,374.0000,-2.1119,1.5842,1.7731,4.3296,3.0955,1.6359,1.3300,-8.0110,-9.0974
297,2,0.0000,123.1175,119.2061,374.0000,-2.1346,1.6149,1.6756,3.9995,-4.5798,1.4636,4.0481,-2.5104,-1.6961
308,2,0.0000,0.0000,1241.0000,374.0000,-1.9013,1.5292,1.7019,4.1469,2.3145,1.5468,1.6888,-7.5558,-8.4162
309,2,907.5143,176.5400,1188.8313,262.1520,0.2955,1.4485,1.6237,4.1374,7.8280,1.5213,13.3030,-6.1862,-6.7078
309,2,516.1132,166.9361,546.5090,195.6881,-0.1612,1.6118,1.6976,3.8714,-4.6474,1.2797,42.4574,-7.9531,-7.8444
309,2,1151.1593,138.0143,1241.0000,199.9108,-1.2876,1.7963,1.7901,4.2036,19.7729,0.7849,23.0698,-4.7453,-5.4476
309,2,749.9470,180.0747,799.1611,203.8261,-1.3366,1.4069,1.5367,3.7307,10.4526,1.8847,45.8405,-7.1636,-7.3859
309,2,0.0000,0.0000,1241.0000,374.0000,-1.8025,1.5190,1.6394,3.7733,2.1912,1.5022,1.3451,-4.2087,-5.1356
310,2,1168.6656,129.4511,1241.0000,203.4081,-0.6216,2.0025,1.8245,4.8654,19.9133,0.8270,22.0257,-7.9220,-8.6505
310,2,1096.9817,89.0295,1241.0000,368.4849,-0.9531,2.0490,1.9122,5.0600,7.9882,1.4341,7.8582,-7.8959,-8.6706
310,2,705.3345,177.2267,745.4082,210.4816,-1.7969,1.5358,1.7004,4.4268,5.8168,1.7696,36.2873,-7.6285,-7.7857
311,2,1187.8759,123.2350,1241.0000,201.3769,-0.8603,2.0223,1.8962,4.9300,20.0761,0.7379,21.2385,-7.9804,-8.7308
313,2,0.0000,0.0000,1241.0000,374.0000,-1.3137,1.7037,1.7480,4.0876,-2.5430,1.4079,0.8851,-8.0239,-6.8830
314,2,607.9434,178.3853,656.9980,218.8095,-1.3763,1.4942,1.6745,3.8038,0.8001,1.7322,29.1435,-7.9042,-7.9307
315,2,291.1117,169.2126,325.4353,199.8986,-2.1156,1.5060,1.5486,3.4672,-15.5950,1.3270,37.3070,-8.2237,-7.8301
320,2,795.7909,177.4126,857.2300,206.0018,-1.0162,1.3845,1.6076,3.7959,11.2561,1.6336,37.5174,-3.9847,-4.2735
324,2,0.0000,158.1593,117.7250,195.5773,-1.6026,1.5706,1.7054,4.5952,-24.2257,0.9535,31.3269,-6.2000,-5.5458
325,2,0.0000,180.2968,77.6834,228.3617,-1.9325,1.4729,1.5780,3.7890,-19.7225,1.7495,24.7940,-5.1686,-4.5018
325,2,1047.5114,120.5533,1183.7588,204.8415,-2.1592,1.5866,1.6901,4.0566,10.9584,0.6018,15.6033,-7.0560,-7.6596
325,2,820.7629,181.6719,899.6224,213.5051,-2.1791,1.3734,1.5999,3.8111,11.7287,1.8086,33.8707,-6.9086,-7.2388
327,2,0.0000,97.8107,64.5236,205.4416,-1.5919,1.5349,1.7356,3.9085,-10.9365,0.4644,12.1812,-2.4740,-1.7533
327,2,860.2714,179.1090,922.5512,224.7250,-2.1863,1.4222,1.4709,3.5719,9.5902,1.6544,24.9202,-7.6362,-7.9991
328,2,746.4002,171.3824,787.1401,208.9894,-1.3068,1.5097,1.6071,3.5833,6.6488,1.4503,30.8842,-7.6468,-7.8564
328,2,0.0000,94.5444,147.5889,189.2205,-2.0465,1.6598,1.7353,4.1859,-11.7366,0.2866,14.7538,-7.8405,-7.1773
329,2,1130.9967,152.9267,1241.0000,255.3782,-1.9259,1.5252,1.7824,4.9752,11.4187,1.2283,13.3823,-7.4727,-8.1680
330,2,0.0000,116.1205,70.9255,215.1825,-1.5319,1.4726,1.5750,3.7195,-11.9184,0.6289,12.7001,-4.5240,-3.7809
334,2,1122.2095,149.7347,1227.8312,195.4329,-1.2288,1.4964,1.7116,3.6762,19.7846,0.7390,25.3053,-6.8226,-7.4806
335,2,0.0000,0.0000,1241.0000,374.0000,-1.3771,1.4885,1.6277,3.6867,2.0683,1.5820,1.5171,-4.1064,-4.9555
335,2,855.2502,180.0116,943.4819,222.9273,-2.1169,1.5092,1.6406,3.6907,11.1427,1.8029,27.8084,-6.9936,-7.3705
336,2,1011.0186,171.4806,1179.4757,229.0334,0.1486,1.5104,1.6448,4.0557,13.5285,1.4740,20.2402,-3.3952,-3.9773
337,2,1025.2620,169.2250,1200.5653,228.8305,1.0535,1.5057,1.6972,4.1727,13.6176,1.4138,19.6453,-6.5780,-7.1767
338,2,1029.6273,168.2127,1231.7577,228.1751,1.1109,1.4914,1.6784,4.3852,13.6399,1.3756,19.0749,-3.2777,-3.8908
339,2,1040.8403,170.9479,1226.5488,230.6209,1.5949,1.4312,1.6118,4.2049,13.4512,1.3851,18.6413,-3.4110,-4.0282
339,2,771.6796,153.9851,848.9202,183.4528,-1.9957,1.6768,1.6731,4.0191,11.5491,0.6028,41.8960,-6.2839,-6.5509
