0,890.0068359375,193.37481689453125,1239.35986328125,372.364013671875,0.9821412563323975
0,313.4784240722656,175.58203125,350.4207763671875,195.013916015625,0.767650306224823
0,292.73468017578125,176.33114624023438,330.819091796875,197.617919921875,0.7575397491455078
1,877.4872436523438,191.62550354003906,1237.8438720703125,372.6488037109375,0.9870924949645996
1,288.0871276855469,175.4293670654297,326.1730651855469,196.82627868652344,0.7285258173942566
1,309.03497314453125,174.72073364257812,345.7849426269531,193.97293090820312,0.6738238334655762
2,866.4953002929688,188.85220336914062,1234.93359375,370.63531494140625,0.9857932925224304
2,280.77447509765625,175.55264282226562,320.5658264160156,197.97525024414062,0.8350085616111755
2,300.994384765625,174.3811798095703,342.146240234375,195.6450653076172,0.6748210191726685
3,857.454833984375,192.8148651123047,1233.7108154296875,371.1238708496094,0.9901390075683594
3,272.6099853515625,177.72781372070312,314.5490417480469,200.4451141357422,0.8503888249397278
3,296.1232604980469,176.33152770996094,337.0331726074219,197.80880737304688,0.7058927416801453
4,842.6539306640625,193.31863403320312,1235.2296142578125,370.8445739746094,0.9878600239753723
4,264.6141357421875,177.88084411621094,308.61932373046875,202.09121704101562,0.7536274790763855
4,291.4176330566406,177.24789428710938,332.33538818359375,199.13589477539062,0.7504692077636719
5,835.84423828125,190.2782440185547,1233.3648681640625,369.5401611328125,0.9884881377220154
5,283.8025207519531,177.54396057128906,326.7101135253906,200.2554168701172,0.8002668023109436
5,257.1663818359375,177.95729064941406,302.5565185546875,202.84458923339844,0.6969939470291138
6,826.8309326171875,190.1146697998047,1234.8857421875,369.4755554199219,0.9869226813316345
6,276.06817626953125,178.32456970214844,319.86932373046875,201.3287811279297,0.7627043724060059
6,247.987060546875,178.03500366210938,294.2911071777344,203.81192016601562,0.7050088047981262
7,817.3139038085938,194.0312957763672,1235.014892578125,368.85736083984375,0.9846566319465637
7,237.55426025390625,180.27040100097656,286.4167175292969,206.10707092285156,0.9041590690612793
7,267.6300964355469,179.8710174560547,312.747314453125,201.89599609375,0.6403433680534363
8,806.7979736328125,190.3906707763672,1207.1229248046875,368.865234375,0.9817689657211304
8,227.21827697753906,179.92709350585938,278.7722473144531,206.76242065429688,0.8399676084518433
8,260.82147216796875,179.07838439941406,308.60675048828125,202.3568572998047,0.7429929375648499
9,796.4202880859375,190.2711944580078,1164.8514404296875,368.4359436035156,0.9880409240722656
9,216.84890747070312,178.35694885253906,269.0356140136719,206.1769256591797,0.8786100149154663
9,254.40658569335938,177.80421447753906,299.07464599609375,202.09861755371094,0.6194331645965576
10,791.310546875,190.03744506835938,1129.7646484375,366.2098083496094,0.9896334409713745
10,241.210205078125,175.4173583984375,292.1086730957031,201.50474548339844,0.808872640132904
10,205.47572326660156,176.50242614746094,258.96826171875,205.12643432617188,0.7123844027519226
11,784.0089721679688,188.7671661376953,1104.815185546875,359.3875427246094,0.9844509363174438
11,230.91636657714844,175.0449676513672,284.6217041015625,201.65750122070312,0.8655616641044617
11,194.04840087890625,175.55860900878906,250.89056396484375,205.96844482421875,0.8082530498504639
12,775.7959594726562,188.2920684814453,1082.2630615234375,347.4242858886719,0.9863443374633789
12,221.9942626953125,176.4513397216797,277.7735595703125,202.6773223876953,0.8980910778045654
12,182.11634826660156,176.91612243652344,242.89608764648438,207.34024047851562,0.7858089804649353
13,772.4423828125,186.07815551757812,1061.2298583984375,340.8800964355469,0.9853068590164185
13,171.4254150390625,179.12115478515625,235.02699279785156,209.39930725097656,0.8954930305480957
13,212.24874877929688,177.2277374267578,271.6802978515625,204.47198486328125,0.8272718191146851
14,768.6200561523438,186.93612670898438,1037.46435546875,332.3896179199219,0.9881808757781982
14,157.58522033691406,180.4445343017578,227.138427734375,212.8271026611328,0.9176663160324097
14,203.21685791015625,180.3653564453125,265.4742431640625,207.7478790283203,0.8899035453796387
15,766.106689453125,186.94940185546875,1017.2425537109375,329.86962890625,0.9884276986122131
15,193.1630859375,181.7460479736328,260.1222229003906,210.28909301757812,0.8789141774177551
15,145.49122619628906,183.01780700683594,217.97921752929688,216.26492309570312,0.728009045124054
16,761.1491088867188,186.32855224609375,1002.8191528320312,322.6960754394531,0.9864480495452881
16,130.3746337890625,183.72906494140625,207.758056640625,217.58164978027344,0.9194761514663696
16,184.66439819335938,182.1787872314453,251.6911163330078,211.88522338867188,0.8739704489707947
17,758.48388671875,186.75982666015625,984.3125610351562,314.77557373046875,0.9899296164512634
17,171.0946502685547,181.63426208496094,243.10260009765625,212.205322265625,0.9242700934410095
17,113.98410034179688,183.05860900878906,194.93821716308594,218.24185180664062,0.8835453987121582
18,753.0820922851562,185.78550720214844,971.8502807617188,308.5041809082031,0.9845234155654907
18,157.9697265625,181.50564575195312,232.6807098388672,213.35696411132812,0.9283220767974854
18,96.77210235595703,183.11181640625,180.59158325195312,219.18264770507812,0.9066059589385986
19,748.2603759765625,184.27877807617188,956.96923828125,303.7044982910156,0.9875918626785278
19,147.06947326660156,181.89463806152344,220.42086791992188,214.33779907226562,0.9308527708053589
19,78.04975891113281,183.53599548339844,166.0998992919922,220.86827087402344,0.9262412786483765
20,744.9595336914062,183.7339630126953,943.6197509765625,298.7188415527344,0.9840781688690186
20,57.401405334472656,184.64610290527344,150.34156799316406,223.2800750732422,0.8730608820915222
20,129.1165313720703,182.4906463623047,209.23667907714844,216.82925415039062,0.8601658940315247
21,740.8204345703125,184.5445556640625,930.5582275390625,296.1876525878906,0.9880520105361938
21,33.10728073120117,185.2419891357422,135.64317321777344,225.5444793701172,0.9175642132759094
21,114.45406341552734,182.6587371826172,197.29054260253906,219.1908721923828,0.8697564601898193
22,737.1094970703125,186.2444305419922,918.8197021484375,292.77978515625,0.9878411889076233
22,6.388266563415527,186.5938262939453,120.09407043457031,230.10340881347656,0.9206832051277161
22,93.24269104003906,185.0802001953125,184.0908203125,222.78823852539062,0.8841751217842102
23,733.2034912109375,186.86256408691406,905.9064331054688,287.4659729003906,0.9750261306762695
23,-0.3576524555683136,187.4225616455078,97.35370635986328,231.7548065185547,0.9462374448776245
23,74.46263885498047,185.4292449951172,168.8802947998047,224.69126892089844,0.9306496381759644
23,1142.2347412109375,181.01234436035156,1237.012939453125,368.6687316894531,0.4578454792499542
24,727.3766479492188,186.04656982421875,896.105712890625,283.7283630371094,0.9690127968788147
24,-0.10528399795293808,184.17529296875,74.3687515258789,233.7587127685547,0.9276788234710693
24,53.77922058105469,183.51327514648438,144.09048461914062,225.04998779296875,0.8608213067054749
24,1101.7696533203125,174.92657470703125,1238.725341796875,367.0086975097656,0.6366989612579346
25,724.23193359375,184.97488403320312,881.83251953125,278.7720947265625,0.9758726358413696
25,33.177345275878906,182.12722778320312,133.23358154296875,222.30792236328125,0.8796244263648987
25,1076.0439453125,164.49070739746094,1240.5377197265625,369.6225280761719,0.7775090336799622
25,-1.5416033267974854,185.12611389160156,58.80499267578125,233.00814819335938,0.7147617340087891
26,719.2976684570312,185.56715393066406,871.1695556640625,276.3459167480469,0.9679410457611084
26,3.062163829803467,180.89599609375,115.4638442993164,226.84628295898438,0.9151145219802856
26,1050.86083984375,158.9970703125,1241.7774658203125,367.7308654785156,0.8987063765525818
26,-1.4228284358978271,183.86322021484375,28.138635635375977,234.88352966308594,0.49670156836509705
27,714.8971557617188,185.0421600341797,861.69091796875,272.9363708496094,0.9683464169502258
27,1022.56982421875,157.69410705566406,1240.2723388671875,368.87066650390625,0.9287992119789124
27,-1.0504450798034668,182.7255401611328,92.91432189941406,228.68096923828125,0.8934949040412903
28,711.0039672851562,185.78858947753906,850.5914916992188,271.7315979003906,0.977139413356781
28,1002.44482421875,164.5089111328125,1237.3250732421875,369.4322204589844,0.9720394611358643
28,-2.2173008918762207,184.43902587890625,70.07623291015625,232.8839111328125,0.8916900753974915
29,706.5557861328125,185.8914337158203,840.4955444335938,269.9234313964844,0.9820764064788818
29,980.3569946289062,165.0260772705078,1236.5009765625,369.3403015136719,0.9790977835655212
29,-0.33115747570991516,187.2905731201172,42.0440788269043,237.58633422851562,0.8130055069923401
30,961.0757446289062,163.4403076171875,1238.3856201171875,371.6803283691406,0.9852200746536255
30,701.3070678710938,185.32752990722656,829.635498046875,266.05023193359375,0.9682853817939758
30,-0.14366431534290314,186.3411102294922,18.101423263549805,238.94302368164062,0.5363892912864685
31,937.3213500976562,163.901123046875,1239.78955078125,371.8133239746094,0.9877389073371887
31,695.05810546875,184.62710571289062,819.3718872070312,263.2753601074219,0.9640706181526184
32,920.4994506835938,169.28427124023438,1240.050048828125,371.4873046875,0.9860892295837402
32,689.8212890625,184.95623779296875,807.2388305664062,259.1474914550781,0.9488759636878967
33,899.8665161132812,169.57872009277344,1237.544677734375,371.0647277832031,0.9894552826881409
33,682.4042358398438,184.47007751464844,797.0953369140625,257.13134765625,0.9842251539230347
34,878.2950439453125,166.23394775390625,1238.3482666015625,369.7547607421875,0.989852249622345
34,674.887939453125,183.2236328125,786.85205078125,255.32041931152344,0.9695529341697693
35,861.848876953125,169.37319946289062,1237.20654296875,371.1168518066406,0.9924055933952332
35,669.8721923828125,183.76112365722656,775.06640625,251.8524627685547,0.9556940197944641
36,839.3850708007812,165.7774658203125,1238.2567138671875,370.359619140625,0.9909828305244446
36,661.9070434570312,182.2164764404297,765.2487182617188,250.55722045898438,0.9732238054275513
37,820.9160766601562,165.74110412597656,1239.7052001953125,370.399658203125,0.9916138648986816
37,655.4007568359375,182.69102478027344,754.1293334960938,248.93765258789062,0.9785990715026855
38,801.2158203125,166.5337677001953,1221.5177001953125,368.6796569824219,0.9851027727127075
38,647.7550048828125,182.7469482421875,744.1285400390625,248.01962280273438,0.9586215019226074
39,787.3084716796875,164.9322967529297,1171.43408203125,369.1571960449219,0.9839749932289124
39,641.8741455078125,182.21389770507812,733.1767578125,244.94281005859375,0.9533177614212036
40,772.327392578125,167.11416625976562,1124.0625,368.4341125488281,0.9855055212974548
40,635.603271484375,182.3351287841797,723.5589599609375,243.8293914794922,0.9442280530929565
41,753.4230346679688,167.98193359375,1075.379150390625,367.3324279785156,0.9879956841468811
41,627.6015625,183.21868896484375,713.4423828125,242.7005157470703,0.9725664258003235
42,735.7670288085938,168.94862365722656,1036.5587158203125,363.7615051269531,0.9843926429748535
42,620.4827880859375,184.2597198486328,703.705078125,242.43626403808594,0.9730100035667419
43,720.5137329101562,168.92636108398438,998.4055786132812,350.37030029296875,0.9888033270835876
43,614.0463256835938,184.29385375976562,694.8261108398438,240.8207244873047,0.973206639289856
44,708.2338256835938,168.48020935058594,964.2958984375,342.5986022949219,0.9905039668083191
44,607.5097045898438,184.32191467285156,685.8048706054688,239.3060760498047,0.9634403586387634
45,695.554931640625,170.1938934326172,932.8517456054688,334.25042724609375,0.9868677854537964
45,601.5863037109375,184.33560180664062,677.3384399414062,238.18283081054688,0.9214024543762207
46,683.3988037109375,170.82484436035156,905.214599609375,326.67431640625,0.9880989193916321
46,595.8499145507812,184.3379669189453,670.3123779296875,236.61668395996094,0.8338379859924316
47,672.4387817382812,172.05593872070312,881.7130126953125,322.8722229003906,0.9887769818305969
47,590.4047241210938,185.1912841796875,662.6777954101562,237.183837890625,0.9185048341751099
47,293.4951171875,181.74447631835938,324.5104675292969,198.3872528076172,0.4283450245857239
48,662.857666015625,174.88648986816406,855.628173828125,318.303955078125,0.9861555695533752
48,585.2103271484375,186.1673583984375,655.3412475585938,237.17633056640625,0.9245250821113586
48,288.1268615722656,181.83111572265625,319.73931884765625,198.6524200439453,0.45265915989875793
49,651.0489501953125,173.9217529296875,835.9318237304688,311.70550537109375,0.9890679717063904
49,580.2858276367188,184.84439086914062,649.610107421875,233.8813934326172,0.9543915390968323
50,641.909912109375,172.28353881835938,818.7910766601562,305.13507080078125,0.9836940169334412
50,576.3809204101562,182.91256713867188,643.2666625976562,229.7726287841797,0.8755137324333191
51,635.3961791992188,170.94821166992188,798.5323486328125,295.7348937988281,0.9843780398368835
51,573.5648193359375,181.36233520507812,636.5653686523438,227.03512573242188,0.910671055316925
51,270.6876220703125,177.2755126953125,306.5328063964844,195.58871459960938,0.5419610738754272
52,627.6275024414062,169.42298889160156,782.556640625,292.0776672363281,0.9873788952827454
52,569.5717163085938,179.23887634277344,632.4945678710938,225.09906005859375,0.9248820543289185
52,263.73297119140625,176.48574829101562,300.7585754394531,195.9803009033203,0.6322548985481262
53,620.18896484375,168.76243591308594,767.5106811523438,287.9969177246094,0.9882617592811584
53,565.8734741210938,179.15692138671875,627.811279296875,224.2860565185547,0.9525921940803528
53,258.0212097167969,176.75665283203125,296.31854248046875,197.2506866455078,0.6731350421905518
54,613.5874633789062,170.6465301513672,754.08447265625,284.2875061035156,0.9804362654685974
54,562.07958984375,180.32666015625,622.574462890625,224.75555419921875,0.9284282326698303
54,254.3829803466797,178.9430389404297,291.4500732421875,199.23890686035156,0.7900484204292297
55,607.2572021484375,172.37257385253906,741.2130126953125,282.07928466796875,0.9846291542053223
55,558.6163330078125,181.75033569335938,617.7806396484375,226.7712860107422,0.9428535103797913
55,247.20933532714844,180.53619384765625,286.74957275390625,201.16921997070312,0.6578722596168518
56,601.4312744140625,173.36448669433594,730.9788818359375,280.40716552734375,0.9811057448387146
56,556.1048583984375,183.0808868408203,612.5545654296875,227.4622344970703,0.9490291476249695
56,240.62118530273438,181.6438446044922,281.8533630371094,202.27157592773438,0.7561282515525818
56,188.54722595214844,183.72113037109375,235.47467041015625,208.96694946289062,0.4760628342628479
57,597.2225341796875,173.55616760253906,720.4755249023438,276.6677551269531,0.9816657900810242
57,553.8331909179688,182.95892333984375,608.512451171875,227.0075225830078,0.9297153949737549
57,234.07049560546875,182.32127380371094,277.001220703125,203.0780487060547,0.769032895565033
57,185.66146850585938,184.22702026367188,228.19801330566406,209.74160766601562,0.492416113615036
58,595.0050659179688,173.25357055664062,711.5191650390625,272.4294738769531,0.9684545397758484
58,551.99169921875,182.06451416015625,607.0069580078125,225.9053955078125,0.9009475111961365
58,229.61463928222656,181.55990600585938,272.564697265625,203.0891571044922,0.8146832585334778
59,589.3033447265625,173.00784301757812,702.9054565429688,268.9553527832031,0.9848569631576538
59,550.50927734375,182.12677001953125,604.2872924804688,225.17587280273438,0.8471142053604126
59,224.86741638183594,181.36227416992188,269.1463317871094,203.00689697265625,0.8141854405403137
60,588.9168090820312,174.33065795898438,695.7035522460938,266.59149169921875,0.9809407591819763
60,550.4720458984375,182.53594970703125,603.25634765625,224.68862915039062,0.8520960807800293
60,219.25753784179688,180.8095703125,265.71142578125,203.3918914794922,0.8145132064819336
60,158.2974090576172,183.0449981689453,210.49896240234375,210.72451782226562,0.622495710849762
61,582.9028930664062,175.5701904296875,689.0939331054688,264.8534240722656,0.9698532819747925
61,549.8955688476562,182.95794677734375,602.2589111328125,224.67892456054688,0.8900443315505981
61,214.23390197753906,180.9339599609375,262.1837463378906,203.9148406982422,0.8493005633354187
61,149.6109619140625,183.17642211914062,205.1417999267578,211.0146942138672,0.7961061000823975
62,580.9811401367188,175.19642639160156,682.9483642578125,263.4504699707031,0.9653430581092834
62,549.8106689453125,181.91604614257812,600.6903686523438,222.91586303710938,0.8206796050071716
62,140.0645294189453,181.96934509277344,197.2652587890625,210.29025268554688,0.7711521983146667
62,207.95558166503906,179.11314392089844,256.89276123046875,202.95639038085938,0.6446349620819092
63,576.7661743164062,174.68190002441406,674.9198608398438,260.4197692871094,0.9747861623764038
63,548.4159545898438,181.9873504638672,597.5741577148438,222.51010131835938,0.8746528029441833
63,127.48619079589844,181.8258056640625,189.14320373535156,210.8612060546875,0.7375097274780273
63,200.04293823242188,178.78619384765625,251.02349853515625,202.9556121826172,0.7096050977706909
64,574.6057739257812,174.4307861328125,668.4137573242188,257.70196533203125,0.959830641746521
64,546.1602783203125,181.43447875976562,596.578369140625,221.53955078125,0.8575690984725952
64,114.3794174194336,181.02523803710938,179.08746337890625,211.5194854736328,0.7703481912612915
64,191.0928497314453,178.93992614746094,242.6634979248047,203.1277313232422,0.6612929105758667
65,569.6815795898438,175.82261657714844,661.224609375,257.4639892578125,0.9803087711334229
65,545.1817626953125,182.74844360351562,592.5098266601562,221.73348999023438,0.8756290674209595
65,100.46558380126953,182.33575439453125,168.3115692138672,214.8418731689453,0.8379840850830078
65,181.7832794189453,181.39852905273438,238.66671752929688,206.59478759765625,0.8216257095336914
66,566.7525634765625,180.05636596679688,656.30224609375,258.8265380859375,0.9747341871261597
66,85.5649185180664,187.54452514648438,159.31295776367188,220.09912109375,0.8352797031402588
66,543.5908203125,186.02801513671875,591.6967163085938,225.15853881835938,0.8348512053489685
66,172.5269012451172,185.09811401367188,232.42889404296875,210.8980255126953,0.8332456946372986
67,564.522216796875,180.0677490234375,650.7750854492188,260.1000671386719,0.9790138602256775
67,543.6366577148438,189.93263244628906,587.1021728515625,226.31321716308594,0.8579022884368896
67,72.27735900878906,189.18936157226562,146.86570739746094,223.6036834716797,0.8167244791984558
67,162.86935424804688,187.92745971679688,226.29776000976562,213.8146209716797,0.8146387934684753
68,562.0640869140625,178.12551879882812,644.6311645507812,254.66043090820312,0.9758215546607971
68,54.82191467285156,187.20101928710938,134.8854522705078,222.184326171875,0.9008131623268127
68,543.654296875,187.8677215576172,585.7443237304688,222.70904541015625,0.8699246048927307
68,152.60121154785156,184.9590606689453,218.2068634033203,212.2941436767578,0.7713556289672852
69,559.2255249023438,174.7447052001953,639.1443481445312,248.22564697265625,0.9662824273109436
69,36.26551055908203,182.92564392089844,121.28779602050781,218.8964080810547,0.9115867614746094
69,142.26821899414062,180.864501953125,209.7914276123047,208.0664825439453,0.8838369846343994
69,542.1905517578125,182.9333953857422,586.1980590820312,217.34872436523438,0.8406957983970642
70,556.977294921875,171.90843200683594,634.378662109375,243.96046447753906,0.9697892069816589
70,130.89407348632812,177.6161346435547,200.140625,206.26478576660156,0.859397828578949
70,20.700258255004883,179.45260620117188,105.34196472167969,216.7653045654297,0.8310425877571106
70,541.8956909179688,179.18826293945312,586.5339965820312,214.76930236816406,0.7736659646034241
71,554.5579223632812,171.90159606933594,631.0040283203125,243.4605712890625,0.9522347450256348
71,120.31717681884766,177.6643524169922,187.912109375,206.6566162109375,0.8230052590370178
71,1.5898350477218628,179.25372314453125,92.95101928710938,218.03826904296875,0.7868192195892334
71,542.20947265625,179.1422119140625,586.5242919921875,215.35845947265625,0.7686019539833069
72,552.9309692382812,173.46034240722656,627.884521484375,244.1317596435547,0.9400551915168762
72,-0.7119439840316772,181.2032928466797,75.50897979736328,220.8955535888672,0.9142287969589233
72,105.49309539794922,178.5519256591797,184.24742126464844,209.004150390625,0.8890677094459534
72,542.0812377929688,180.39085388183594,586.2807006835938,216.20773315429688,0.7841460108757019
72,306.7278137207031,165.63995361328125,343.9975280761719,196.7934112548828,0.46435797214508057
73,552.1920776367188,175.15115356445312,624.619873046875,244.22714233398438,0.9682531952857971
73,-0.2646702229976654,180.62831115722656,57.983856201171875,222.22430419921875,0.8900461196899414
73,95.51949310302734,180.23194885253906,173.90798950195312,212.36508178710938,0.8569307923316956
73,542.34619140625,183.32984924316406,586.3241577148438,217.7715301513672,0.8322744369506836
73,297.3559875488281,166.0689697265625,337.973388671875,199.14476013183594,0.6665860414505005
74,79.73947143554688,181.39962768554688,164.6705322265625,212.5213165283203,0.9325063228607178
74,551.585205078125,176.968994140625,621.9380493164062,243.56932067871094,0.9184788465499878
74,541.4554443359375,184.6766357421875,585.8750610351562,218.2600555419922,0.8379577994346619
74,287.3780822753906,167.51148986816406,331.28680419921875,201.4413604736328,0.7064648866653442
74,-0.33978554606437683,182.99105834960938,40.95717239379883,225.59019470214844,0.6943197846412659
75,550.7189331054688,175.86456298828125,619.3233032226562,241.66571044921875,0.9577363729476929
75,65.2065658569336,179.80284118652344,155.09527587890625,212.55136108398438,0.9046227931976318
75,542.1435546875,184.00750732421875,585.1575927734375,217.4444122314453,0.8280706405639648
75,277.2867431640625,166.92059326171875,324.018798828125,202.23463439941406,0.7587924003601074
75,1.6633217334747314,181.8706817626953,17.54884147644043,227.62538146972656,0.6020700335502625
76,549.9719848632812,174.92391967773438,619.6172485351562,240.7885284423828,0.9577277302742004
76,51.850852966308594,178.71075439453125,144.53005981445312,212.74586486816406,0.8611140251159668
76,264.6759948730469,167.4913330078125,314.4002380371094,202.1691131591797,0.8147763609886169
76,543.1964721679688,182.323974609375,584.54833984375,217.37509155273438,0.8020013570785522
77,549.817626953125,175.59030151367188,618.7395629882812,240.6124267578125,0.966589093208313
77,36.26836395263672,178.47608947753906,132.79534912109375,213.21124267578125,0.8492843508720398
77,543.5852661132812,182.34469604492188,584.5531616210938,217.48541259765625,0.7591589689254761
77,251.8168487548828,166.2714385986328,306.24578857421875,202.82308959960938,0.6554766297340393
78,550.3743286132812,176.0054931640625,617.6937866210938,240.605224609375,0.9659690856933594
78,20.800384521484375,178.19883728027344,121.91413879394531,214.22592163085938,0.913686215877533
78,544.4658813476562,182.56304931640625,584.344482421875,217.72348022460938,0.753033459186554
78,236.19566345214844,164.87234497070312,297.6930236816406,204.81935119628906,0.7457758188247681
79,550.9677124023438,175.1872100830078,617.7754516601562,239.83631896972656,0.9383576512336731
79,2.014017343521118,176.93504333496094,110.05326080322266,212.77793884277344,0.8977460265159607
79,544.7260131835938,182.9307861328125,584.5009765625,217.55979919433594,0.7873019576072693
79,219.35763549804688,159.85194396972656,286.5030212402344,204.71856689453125,0.6362475156784058
80,551.1580200195312,175.1430206298828,616.4608154296875,237.6737823486328,0.9310393929481506
80,-1.7532094717025757,175.88485717773438,97.01134490966797,213.7266082763672,0.8710910081863403
80,544.7637329101562,182.8761444091797,584.6209106445312,217.61135864257812,0.7882748246192932
80,200.3606719970703,158.2323760986328,272.04345703125,205.30520629882812,0.7131321430206299
80,333.2782287597656,174.4720916748047,375.76025390625,190.5751953125,0.4042451083660126
81,552.2199096679688,174.98318481445312,615.6325073242188,237.02230834960938,0.9460741877555847
81,-0.8334810137748718,173.8560791015625,81.6729736328125,214.3928985595703,0.9115428328514099
81,545.0046997070312,183.0010223388672,584.3897705078125,217.54978942871094,0.7767890691757202
81,178.27890014648438,156.2315673828125,257.7688293457031,207.3475341796875,0.7506971955299377
82,552.4850463867188,175.5781707763672,616.8169555664062,237.47669982910156,0.918131947517395
82,0.9275829792022705,174.04283142089844,66.26732635498047,214.9797821044922,0.8751835227012634
82,545.17236328125,182.7733154296875,584.1268920898438,217.3981475830078,0.7706735134124756
82,151.15777587890625,154.84852600097656,241.45852661132812,209.67091369628906,0.6979122161865234
83,-0.7871981263160706,176.50527954101562,52.503353118896484,217.55618286132812,0.8556930422782898
83,552.9710083007812,176.2044219970703,618.0714111328125,238.5016326904297,0.8553308844566345
83,120.97830963134766,157.30990600585938,222.8241729736328,212.420166015625,0.7958143353462219
83,545.1950073242188,183.734130859375,584.3968505859375,216.93289184570312,0.7163732647895813
84,555.0409545898438,175.41024780273438,619.505859375,236.9381866455078,0.9324759840965271
84,-1.3479989767074585,176.65432739257812,35.70487976074219,218.6572723388672,0.7809126973152161
84,85.38190460205078,154.3564910888672,197.24745178222656,215.2542266845703,0.7340236306190491
84,545.7193603515625,183.8037872314453,584.33544921875,216.59571838378906,0.6549334526062012
84,332.0484924316406,175.8506317138672,364.3058166503906,190.57012939453125,0.4048987329006195
85,555.34228515625,173.8942108154297,619.88427734375,234.65809631347656,0.9583855867385864
85,548.861328125,181.04660034179688,587.4230346679688,214.2191925048828,0.6505802273750305
85,330.8170471191406,174.60894775390625,363.26678466796875,189.70114135742188,0.5552475452423096
85,-0.3501986563205719,174.44699096679688,17.543285369873047,219.5183563232422,0.44649961590766907
86,557.1643676757812,173.51800537109375,618.5252685546875,231.4619903564453,0.92571622133255
86,548.9959106445312,180.53514099121094,587.7200317382812,214.30552673339844,0.6588534116744995
87,557.7551879882812,172.0531768798828,619.5784912109375,230.07821655273438,0.951842188835144
87,545.7054443359375,182.04745483398438,584.7061157226562,213.7102813720703,0.5780549049377441
87,325.84686279296875,171.36419677734375,360.1820068359375,187.53768920898438,0.4357534646987915
88,558.0324096679688,171.8350067138672,618.1376953125,228.61773681640625,0.9458233714103699
88,545.8611450195312,182.03382873535156,584.5357666015625,213.6822509765625,0.5353540182113647
88,322.32147216796875,171.49224853515625,355.91754150390625,187.40823364257812,0.4265562891960144
89,558.2555541992188,172.53501892089844,617.45947265625,227.76072692871094,0.9448397159576416
89,318.8124694824219,171.02398681640625,353.2717590332031,187.5512237548828,0.5843469500541687
89,545.903076171875,182.03343200683594,584.5448608398438,213.74826049804688,0.5085830688476562
90,558.5884399414062,173.0966796875,617.52978515625,227.5518798828125,0.9520646333694458
90,316.18524169921875,170.73324584960938,352.76763916015625,188.13230895996094,0.5303192138671875
90,549.6097412109375,181.57994079589844,586.9524536132812,213.83755493164062,0.49329379200935364
91,559.8946533203125,173.76673889160156,617.8276977539062,227.3965606689453,0.9386963248252869
91,312.382080078125,171.12850952148438,351.4950866699219,188.96632385253906,0.47005632519721985
91,549.5737915039062,181.86077880859375,587.04150390625,213.74502563476562,0.42178985476493835
92,560.6475219726562,174.15151977539062,617.9376831054688,227.32640075683594,0.9146616458892822
92,310.38458251953125,171.96949768066406,346.348388671875,190.0232696533203,0.5460900068283081
92,545.7719116210938,182.11288452148438,584.5025634765625,213.97792053222656,0.4246305227279663
93,561.3602294921875,174.83067321777344,617.3035278320312,227.57577514648438,0.9071276783943176
94,562.390380859375,174.3539276123047,618.3410034179688,227.07569885253906,0.886098325252533
95,563.477783203125,173.94825744628906,617.4517211914062,225.64865112304688,0.8807540535926819
95,295.83551025390625,171.1261749267578,335.9535827636719,190.854248046875,0.5625928640365601
96,564.2678833007812,171.90225219726562,618.091064453125,223.47044372558594,0.9379106163978577
96,289.1916198730469,170.0635986328125,333.19366455078125,190.06005859375,0.4770391881465912
97,565.7592163085938,169.94949340820312,617.86279296875,220.06971740722656,0.9089097380638123
97,283.4994812011719,168.2387237548828,325.93963623046875,188.63592529296875,0.79032301902771
98,565.7424926757812,170.14190673828125,618.3333740234375,219.91793823242188,0.9050959944725037
98,276.8033447265625,168.12124633789062,322.3638916015625,188.78350830078125,0.7565091252326965
99,566.01123046875,172.66249084472656,617.7012939453125,223.38470458984375,0.9412550330162048
99,271.19085693359375,170.4801483154297,316.2420959472656,192.18231201171875,0.8342433571815491
100,567.0646362304688,175.356201171875,618.2027587890625,224.67527770996094,0.9055023193359375
100,265.1084289550781,172.3966522216797,310.4676208496094,195.46475219726562,0.6001194715499878
100,301.4429931640625,172.58700561523438,344.7196044921875,193.0137939453125,0.50483638048172
101,567.7424926757812,176.3660125732422,618.4562377929688,224.83460998535156,0.9028475880622864
101,257.98199462890625,173.29159545898438,301.9568176269531,196.6365966796875,0.7219658493995667
101,316.2349548339844,172.7479705810547,354.7178649902344,192.54405212402344,0.5286339521408081
102,567.934326171875,176.6406707763672,617.9203491210938,224.134521484375,0.9126630425453186
102,249.41461181640625,174.0707244873047,296.0357971191406,198.45651245117188,0.8385306000709534
102,317.5657043457031,175.029296875,351.3927307128906,193.92166137695312,0.5431342124938965
103,568.8538818359375,178.9567108154297,617.2574462890625,224.6953582763672,0.8898899555206299
103,241.01649475097656,175.72828674316406,292.05401611328125,200.16412353515625,0.7376338243484497
103,313.134521484375,177.01731872558594,347.9667663574219,196.36158752441406,0.5898255705833435
104,569.643798828125,179.34271240234375,616.7610473632812,224.60389709472656,0.873393177986145
104,232.46705627441406,177.72557067871094,285.1922607421875,202.17710876464844,0.7938088774681091
104,304.4338073730469,178.39788818359375,344.92144775390625,197.53526306152344,0.6974059343338013
104,272.3714904785156,176.00704956054688,319.40167236328125,200.02383422851562,0.4989180266857147
105,570.4244384765625,179.0975341796875,618.2880249023438,223.1778564453125,0.8733711838722229
105,267.6865234375,176.85252380371094,312.150634765625,200.0140838623047,0.7584702372550964
105,225.2723846435547,177.6377410888672,276.3396911621094,202.82144165039062,0.7365095615386963
105,301.6557312011719,177.9618377685547,339.1975402832031,197.65403747558594,0.6064156293869019
106,571.6901245117188,176.32492065429688,618.8961791992188,220.7308349609375,0.8794431686401367
106,296.5314025878906,176.97560119628906,334.0612487792969,196.55470275878906,0.7522225379943848
106,259.0437927246094,176.8178253173828,305.72918701171875,199.74249267578125,0.715070903301239
106,218.2913055419922,177.96380615234375,266.65814208984375,202.0922393798828,0.6651390194892883
107,571.92236328125,175.8341064453125,619.0007934570312,220.29537963867188,0.9221068620681763
107,290.84002685546875,177.1204376220703,328.7102355957031,196.26551818847656,0.7274383902549744
107,250.40695190429688,177.17718505859375,299.4890441894531,199.4351806640625,0.67680823802948
107,206.35301208496094,176.51382446289062,257.3629455566406,202.29811096191406,0.6436077952384949
108,572.394287109375,175.22926330566406,619.29345703125,219.93002319335938,0.9406914114952087
108,195.3435821533203,175.17860412597656,249.9912567138672,204.16183471679688,0.8090036511421204
108,283.34686279296875,177.25257873535156,323.1960754394531,196.18785095214844,0.6981046795845032
108,241.4364013671875,176.85287475585938,292.9956359863281,199.87197875976562,0.6879281401634216
109,573.185791015625,175.59500122070312,619.0064086914062,220.07757568359375,0.9438571929931641
109,180.92926025390625,175.36666870117188,240.9864959716797,203.9530487060547,0.856460452079773
109,275.98040771484375,177.15855407714844,317.4312438964844,196.19253540039062,0.8530207872390747
109,232.47525024414062,176.43614196777344,285.2337951660156,199.93992614746094,0.7999277710914612
110,574.2924194335938,175.67245483398438,619.271240234375,219.3622589111328,0.9288995862007141
110,166.59970092773438,175.73876953125,232.3825225830078,203.8810272216797,0.9003013968467712
110,267.4035949707031,176.2202606201172,312.1261291503906,197.18289184570312,0.8687285780906677
110,222.56492614746094,176.3227996826172,278.05609130859375,200.1741943359375,0.8283674716949463
111,574.2094116210938,175.76278686523438,619.1506958007812,219.00299072265625,0.936722457408905
111,212.02935791015625,176.74844360351562,270.439453125,201.38113403320312,0.8057984113693237
111,152.53024291992188,176.0441436767578,221.0890655517578,205.30831909179688,0.7908000946044922
111,258.61981201171875,176.50076293945312,307.0285339355469,197.80506896972656,0.6954303979873657
112,138.09918212890625,178.13394165039062,208.42782592773438,207.47354125976562,0.8889666795730591
112,575.2324829101562,176.5634765625,619.1372680664062,218.838623046875,0.8734182715415955
112,200.5533447265625,177.78076171875,262.4449768066406,203.67544555664062,0.8733818531036377
112,251.16000366210938,178.19747924804688,300.9417419433594,199.386474609375,0.7630796432495117
113,187.8140106201172,179.7384796142578,253.37876892089844,206.4757080078125,0.8228211998939514
113,576.5391235351562,177.58245849609375,619.7593994140625,219.1637420654297,0.8198943734169006
113,122.98346710205078,179.32740783691406,196.6342010498047,210.54287719726562,0.7404714822769165
113,244.1540069580078,180.15435791015625,292.9722900390625,201.78118896484375,0.6471590399742126
114,577.3016967773438,179.87832641601562,620.1001586914062,221.15338134765625,0.9111244678497314
114,105.82151794433594,181.376708984375,183.15846252441406,213.01785278320312,0.8764452934265137
114,175.96278381347656,180.89576721191406,245.050048828125,208.39524841308594,0.8319932818412781
114,235.06492614746094,180.74269104003906,286.6891174316406,204.22677612304688,0.7882903218269348
115,578.7255859375,179.62054443359375,621.0562133789062,220.86427307128906,0.9160130023956299
115,87.748291015625,180.17091369628906,170.00119018554688,213.37960815429688,0.8849793076515198
115,164.54855346679688,180.6160125732422,234.90426635742188,208.62344360351562,0.8847255706787109
115,224.59066772460938,180.7069854736328,278.1202697753906,204.95361328125,0.8243114352226257
116,150.51564025878906,178.75282287597656,223.91831970214844,207.46365356445312,0.9058446884155273
116,67.44635009765625,178.83087158203125,153.4366455078125,212.71571350097656,0.8855898380279541
116,579.6245727539062,178.50477600097656,620.7154541015625,218.52957153320312,0.8710393309593201
116,211.7633514404297,178.90231323242188,272.260498046875,202.6671142578125,0.8079231381416321
117,43.07168197631836,176.93739318847656,137.061767578125,211.55665588378906,0.8829430341720581
117,579.8049926757812,176.30929565429688,621.7388916015625,216.2994842529297,0.8711315989494324
117,135.4133758544922,176.4009246826172,211.75157165527344,207.1077117919922,0.7979196906089783
117,201.8457489013672,176.10716247558594,261.0684814453125,202.01217651367188,0.7366073131561279
118,18.368310928344727,177.3363800048828,118.38229370117188,212.52175903320312,0.9011998772621155
118,188.60435485839844,175.1437530517578,249.83523559570312,203.46849060058594,0.8014623522758484
118,579.9778442382812,175.81654357910156,621.6447143554688,215.81520080566406,0.789944589138031
118,118.21697235107422,176.55191040039062,198.54441833496094,207.49520874023438,0.78141188621521
119,580.3041381835938,176.96600341796875,621.3636474609375,216.01792907714844,0.8849948644638062
119,102.11589813232422,178.57302856445312,187.28465270996094,211.3018035888672,0.8175337910652161
119,0.7549288868904114,180.93177795410156,98.51394653320312,216.35948181152344,0.8149905204772949
119,180.08651733398438,178.28192138671875,244.78860473632812,206.67095947265625,0.758238673210144
120,580.067626953125,178.50189208984375,621.3671875,217.5775146484375,0.9142645001411438
120,81.19245147705078,181.42083740234375,169.99383544921875,214.8668212890625,0.8548303246498108
120,0.539993166923523,183.12368774414062,78.81439208984375,220.13076782226562,0.817951500415802
120,166.36366271972656,181.6695556640625,234.7583465576172,210.19627380371094,0.7077155709266663
121,153.0388641357422,183.4330596923828,224.03395080566406,211.8733367919922,0.9012754559516907
121,580.2620239257812,179.15811157226562,621.072265625,217.97250366210938,0.8578029870986938
121,0.8521826267242432,184.96189880371094,55.561065673828125,225.47933959960938,0.8096294403076172
121,58.50369644165039,183.58242797851562,146.3322296142578,216.94248962402344,0.7912477850914001
121,372.0812683105469,182.27146911621094,399.3989562988281,195.97027587890625,0.4076487123966217
122,132.80517578125,182.4445037841797,211.54539489746094,211.64944458007812,0.9329208731651306
122,580.3126220703125,179.00657653808594,621.2501220703125,217.70823669433594,0.8821154832839966
122,40.074527740478516,182.4076385498047,134.75253295898438,219.8123779296875,0.6402307748794556
122,-0.003365541808307171,184.7691650390625,28.845012664794922,225.7017059326172,0.5925468802452087
122,368.3265380859375,181.43751525878906,394.5665588378906,195.84475708007812,0.5185503959655762
123,580.2987060546875,177.6016845703125,621.006103515625,216.68841552734375,0.9075649976730347
123,114.10066986083984,180.5656280517578,198.32235717773438,211.4011993408203,0.8916199207305908
123,17.463544845581055,180.57432556152344,119.77662658691406,219.35638427734375,0.8447117209434509
123,364.22174072265625,180.12303161621094,392.6578063964844,194.054931640625,0.5096644163131714
124,580.513916015625,177.42373657226562,620.7894287109375,215.90647888183594,0.9022566676139832
124,2.104262351989746,179.7014923095703,100.27345275878906,219.7714385986328,0.8385120034217834
124,95.91854095458984,179.16964721679688,184.77789306640625,212.2403106689453,0.8344367146492004
124,360.7597961425781,179.5222930908203,390.85772705078125,193.85350036621094,0.5706273913383484
125,74.376953125,180.18109130859375,168.85169982910156,213.69204711914062,0.9316216111183167
125,0.17075151205062866,180.43560791015625,74.03370666503906,221.804443359375,0.8998709917068481
125,581.0204467773438,178.8312530517578,620.6771240234375,216.73350524902344,0.8768691420555115
125,356.0802917480469,179.98109436035156,391.5059814453125,194.483154296875,0.4960196018218994
126,51.39907455444336,181.42344665527344,153.2369384765625,215.38145446777344,0.9066610932350159
126,581.3541870117188,179.14198303222656,620.7620239257812,216.43861389160156,0.8344641923904419
126,0.63811856508255,182.4324951171875,50.73896789550781,225.87611389160156,0.7801406383514404
126,351.9778747558594,180.30270385742188,388.41571044921875,196.45413208007812,0.5523234605789185
127,581.4353637695312,178.62103271484375,620.7749633789062,215.17076110839844,0.8130861520767212
127,25.182449340820312,181.52845764160156,134.9640350341797,215.61538696289062,0.7855848073959351
127,0.9108385443687439,181.6678466796875,26.33147430419922,227.41812133789062,0.6425725817680359
127,349.5106201171875,180.4235382080078,384.8883056640625,196.10275268554688,0.4699174463748932
128,1.1523497104644775,179.73158264160156,117.10934448242188,216.75856018066406,0.8539818525314331
128,582.0914916992188,176.72933959960938,620.410888671875,212.59397888183594,0.7086659073829651
128,347.6404724121094,178.98220825195312,385.23138427734375,194.9346466064453,0.4298046827316284
129,1.33761465549469,179.55152893066406,93.42357635498047,216.78321838378906,0.8494952321052551
129,581.906494140625,175.43545532226562,621.9255981445312,212.29774475097656,0.7699145674705505
130,0.46414682269096375,178.57461547851562,71.4319076538086,218.40658569335938,0.8359512090682983
130,582.1986083984375,175.90017700195312,621.7186279296875,212.14007568359375,0.8007268905639648
131,582.8964233398438,176.0445098876953,621.8363037109375,212.1652069091797,0.8715885877609253
131,-0.0520053505897522,179.5866241455078,48.57257080078125,222.12301635742188,0.7807002663612366
131,325.59906005859375,178.1002960205078,361.12353515625,194.15525817871094,0.46572479605674744
132,583.7921752929688,176.37722778320312,622.1854858398438,212.2447052001953,0.9013921618461609
132,0.823844313621521,178.7963104248047,26.11934471130371,223.36944580078125,0.6385483145713806
132,324.57879638671875,178.1524658203125,359.6776428222656,194.5317840576172,0.5612112879753113
133,584.501953125,176.39727783203125,622.8524780273438,212.23988342285156,0.9126015901565552
133,319.2903747558594,178.03585815429688,353.02880859375,195.45608520507812,0.6659590601921082
134,585.4873046875,176.13475036621094,623.891845703125,211.38572692871094,0.9008247256278992
134,0.4586298167705536,176.73013305664062,49.0760612487793,201.82919311523438,0.5570393800735474
134,314.8138122558594,178.63938903808594,349.9299621582031,195.63656616210938,0.5507171750068665
135,586.7416381835938,174.7710723876953,625.1351928710938,210.3331298828125,0.8547137975692749
135,1.0011825561523438,177.6220245361328,33.038516998291016,200.74595642089844,0.6188060641288757
135,309.16265869140625,177.99563598632812,345.09918212890625,196.0507354736328,0.5857008695602417
136,587.2146606445312,172.22901916503906,626.0380249023438,207.6759490966797,0.9092195630073547
136,301.8668518066406,175.81716918945312,338.7662048339844,195.08395385742188,0.7937850952148438
137,587.7022705078125,170.27915954589844,626.5147705078125,205.8598175048828,0.8274539113044739
137,295.8368835449219,172.79977416992188,331.52923583984375,192.44534301757812,0.6988030076026917
138,587.7599487304688,168.9398956298828,626.84326171875,204.03688049316406,0.9065676331520081
138,288.6415100097656,171.89215087890625,326.4273376464844,191.95492553710938,0.8140588402748108
139,588.1591186523438,172.78341674804688,625.8138427734375,207.91952514648438,0.8839784264564514
139,280.13299560546875,175.02001953125,320.939697265625,196.61949157714844,0.7872847318649292
140,588.2703247070312,179.24266052246094,625.02880859375,213.97625732421875,0.8711424469947815
140,270.3972473144531,180.1454620361328,317.08685302734375,201.98484802246094,0.6277655959129333
141,587.9566650390625,179.99545288085938,625.4456176757812,215.6692657470703,0.9100347757339478
141,261.4846496582031,180.76490783691406,314.1912536621094,204.888427734375,0.7167415618896484
142,587.2041015625,178.4593048095703,624.88671875,213.45626831054688,0.8438931107521057
142,252.2985382080078,180.07254028320312,301.3135986328125,204.93653869628906,0.777068555355072
143,241.86749267578125,180.3681182861328,289.2312316894531,205.18458557128906,0.7908504605293274
143,586.9871826171875,178.0357208251953,624.6573486328125,213.54454040527344,0.7526296377182007
