0,803.6190795898438,162.9314727783203,956.6257934570312,252.53103637695312,0.9497149586677551
0,430.7105712890625,170.89645385742188,575.7393798828125,220.81581115722656,0.9289574027061462
0,72.27203369140625,181.9585723876953,271.26153564453125,246.13294982910156,0.9175471663475037
0,1131.3609619140625,164.5321807861328,1238.365234375,220.87619018554688,0.8963439464569092
1,830.5149536132812,160.34661865234375,987.9766845703125,251.44290161132812,0.9710058569908142
1,399.6627197265625,170.10952758789062,552.424560546875,223.070556640625,0.9589459300041199
1,-0.2282831221818924,183.96600341796875,221.3699493408203,255.6939697265625,0.9493579864501953
1,1173.4542236328125,162.78512573242188,1238.745849609375,222.7581787109375,0.809256911277771
2,855.5449829101562,159.06570434570312,1021.2709350585938,251.46087646484375,0.9678245782852173
2,363.5596008300781,169.5177001953125,526.4519653320312,224.51504516601562,0.9506860971450806
2,-1.6304287910461426,183.01510620117188,159.64076232910156,259.3731384277344,0.8912522792816162
2,1226.3681640625,159.70298767089844,1236.644775390625,219.24449157714844,0.5588338375091553
2,1202.3387451171875,149.2969970703125,1240.982666015625,198.24472045898438,0.5304245948791504
3,884.406005859375,153.52345275878906,1053.6273193359375,250.6911163330078,0.9668867588043213
3,326.57061767578125,168.27500915527344,497.4756774902344,226.12240600585938,0.9337643980979919
3,0.1309572458267212,181.330810546875,87.92520904541016,266.1132507324219,0.8014078736305237
3,1210.0206298828125,145.17526245117188,1237.7813720703125,196.77401733398438,0.6824313402175903
4,909.4752197265625,150.88168334960938,1091.804443359375,251.11776733398438,0.9641143679618835
4,281.2461853027344,166.23577880859375,465.390625,228.26536560058594,0.9353346824645996
4,1205.4791259765625,146.71592712402344,1237.4466552734375,195.10015869140625,0.7454975247383118
5,935.9507446289062,151.43043518066406,1127.478515625,251.16360473632812,0.9604628086090088
5,225.68505859375,166.10784912109375,428.8719482421875,233.33177185058594,0.9096018075942993
5,1196.8055419921875,148.969970703125,1238.2049560546875,196.27386474609375,0.7703160643577576
6,965.364501953125,151.88880920410156,1165.069091796875,251.9110870361328,0.9663233757019043
6,159.18740844726562,167.845703125,381.59320068359375,236.48497009277344,0.9393794536590576
6,1187.702392578125,150.24032592773438,1238.4700927734375,200.12942504882812,0.8628071546554565
7,992.468994140625,154.13499450683594,1201.1964111328125,255.39471435546875,0.9726647734642029
7,83.65988159179688,169.1619415283203,332.1680908203125,247.92608642578125,0.9620267748832703
7,1177.461669921875,154.2861785888672,1238.6282958984375,203.3346405029297,0.7977019548416138
8,1024.6129150390625,156.0972137451172,1231.52587890625,259.0997009277344,0.9702184796333313
8,3.0884737968444824,170.05921936035156,273.05743408203125,257.01177978515625,0.9683310985565186
8,1164.6937255859375,155.52232360839844,1238.7828369140625,208.43896484375,0.7210386395454407
9,1051.4427490234375,155.2825469970703,1236.510009765625,260.44482421875,0.9594867825508118
9,0.8808632493019104,170.9276580810547,203.3985595703125,262.5387268066406,0.950566291809082
9,1150.9495849609375,155.82635498046875,1235.9158935546875,208.9706268310547,0.5555858016014099
9,780.0430908203125,143.93853759765625,946.5894775390625,220.3627471923828,0.4213044047355652
10,1072.7320556640625,155.31639099121094,1238.28955078125,260.8079833984375,0.9651358127593994
10,1.5230090618133545,171.13890075683594,118.37501525878906,269.62939453125,0.9021692872047424
10,1120.8465576171875,156.31788635253906,1235.0484619140625,214.35748291015625,0.6160244345664978
11,1097.7388916015625,155.94515991210938,1236.0125732421875,262.2031555175781,0.967671275138855
11,1090.5716552734375,158.3868408203125,1227.1029052734375,212.85084533691406,0.7961446046829224
11,714.7103271484375,144.66502380371094,885.5269165039062,224.93856811523438,0.47650837898254395
12,1110.703125,159.26925659179688,1238.1488037109375,267.2192687988281,0.9532841444015503
12,1054.0213623046875,164.00912475585938,1192.4666748046875,214.95840454101562,0.8425785899162292
13,1124.7938232421875,164.48902893066406,1237.79833984375,270.51763916015625,0.9207923412322998
13,1017.2343139648438,169.69471740722656,1160.27978515625,222.228759765625,0.8790390491485596
14,1133.0556640625,170.40328979492188,1238.793212890625,276.1758117675781,0.9070592522621155
14,982.2266235351562,173.143310546875,1123.24169921875,224.36495971679688,0.893963634967804
15,942.7333374023438,174.28170776367188,1079.7969970703125,227.88934326171875,0.9638633728027344
15,1141.8619384765625,172.0120391845703,1237.477783203125,274.8406677246094,0.9140178561210632
16,901.655517578125,176.12596130371094,1036.14453125,231.45579528808594,0.9538140892982483
16,1142.5919189453125,173.65467834472656,1238.1588134765625,273.3070983886719,0.9041259288787842
16,1105.0635986328125,177.5614776611328,1219.7056884765625,224.24053955078125,0.7574470043182373
17,1139.7061767578125,175.52870178222656,1239.2904052734375,273.41265869140625,0.9456600546836853
17,858.2553100585938,178.94943237304688,994.2761840820312,236.06045532226562,0.9317541718482971
17,1066.7777099609375,181.91220092773438,1179.849609375,222.26763916015625,0.8377420902252197
18,815.6697387695312,178.61537170410156,951.2694091796875,238.15945434570312,0.9571406245231628
18,1134.6099853515625,176.3074493408203,1238.443115234375,272.6354064941406,0.9423301815986633
18,1028.7384033203125,182.39744567871094,1134.0810546875,222.8701171875,0.8844923973083496
19,773.0603637695312,179.15576171875,906.46435546875,239.1764373779297,0.9597010016441345
19,1127.7528076171875,175.48411560058594,1238.047119140625,272.2376708984375,0.9331901669502258
19,991.796630859375,182.45875549316406,1090.5875244140625,224.47288513183594,0.9144269227981567
19,1119.3951416015625,181.03952026367188,1197.1075439453125,215.9523162841797,0.46214812994003296
20,1122.5283203125,176.78736877441406,1238.2376708984375,265.00384521484375,0.9403912425041199
20,953.5907592773438,181.16574096679688,1052.28857421875,223.57130432128906,0.9229475259780884
20,726.0985717773438,179.384521484375,863.3101196289062,240.8225860595703,0.9092469811439514
20,1080.3031005859375,177.74961853027344,1165.7318115234375,215.29539489746094,0.8535442352294922
21,679.0992431640625,178.97483825683594,822.2562255859375,247.1337432861328,0.9647770524024963
21,1110.80615234375,175.66505432128906,1238.3814697265625,263.0562744140625,0.9459725022315979
21,918.0218505859375,180.22471618652344,1011.8802490234375,224.85020446777344,0.9072867035865784
21,1043.2633056640625,178.0477294921875,1124.907470703125,213.89413452148438,0.8616245985031128
22,1096.0408935546875,176.0137481689453,1230.5523681640625,259.3507080078125,0.956796407699585
22,626.2167358398438,180.65121459960938,780.509765625,252.9464874267578,0.9476897716522217
22,880.8920288085938,181.55572509765625,975.9684448242188,227.7701416015625,0.9296144247055054
22,1008.5958862304688,179.1322021484375,1084.1802978515625,214.6645965576172,0.8751352429389954
22,1080.0733642578125,179.99998474121094,1129.2186279296875,209.95367431640625,0.5435581803321838
23,568.8514404296875,181.34323120117188,732.4266967773438,259.010986328125,0.9565828442573547
23,842.1693115234375,184.02340698242188,938.6906127929688,230.70921325683594,0.922065794467926
23,1080.3770751953125,179.31321716308594,1204.9677734375,260.46282958984375,0.9164111018180847
23,1039.72998046875,181.788330078125,1093.05712890625,212.88108825683594,0.7153531908988953
23,971.81103515625,182.20925903320312,1043.3521728515625,216.87474060058594,0.7027322053909302
24,507.7625427246094,182.18870544433594,681.9804077148438,266.7511291503906,0.9477101564407349
24,802.2095947265625,186.4744415283203,900.1829223632812,233.98013305664062,0.9133247137069702
24,1058.705078125,182.0103302001953,1174.0606689453125,261.5279235839844,0.8872052431106567
24,1188.48583984375,190.48495483398438,1238.9012451171875,226.9918975830078,0.7808205485343933
24,1002.6825561523438,185.25096130371094,1052.3802490234375,216.24404907226562,0.7529306411743164
24,935.0646362304688,184.4358673095703,1003.0824584960938,220.9753875732422,0.6994364261627197
24,1030.15576171875,183.41748046875,1078.7860107421875,213.51071166992188,0.5423485040664673
25,431.68084716796875,180.91656494140625,626.8505859375,275.40875244140625,0.9717144966125488
25,758.709716796875,187.5565948486328,860.1514282226562,236.60899353027344,0.9494175314903259
25,1039.6173095703125,183.9147186279297,1144.2625732421875,259.85198974609375,0.8716574311256409
25,1146.7572021484375,191.8876190185547,1202.3707275390625,225.98434448242188,0.8384877443313599
25,964.5819702148438,187.1133575439453,1012.6218872070312,216.45346069335938,0.8004511594772339
25,898.3143310546875,185.8216094970703,963.004638671875,222.50885009765625,0.7588812708854675
25,993.3262329101562,186.4014129638672,1036.3804931640625,213.2562255859375,0.7567672729492188
25,1022.8351440429688,183.78697204589844,1061.093505859375,212.1820526123047,0.48588183522224426
26,344.5043029785156,178.99302673339844,567.8209228515625,284.0020751953125,0.9734745025634766
26,717.993408203125,185.63937377929688,815.8975830078125,237.50955200195312,0.9161641597747803
26,1012.766845703125,180.8690948486328,1108.735107421875,254.58447265625,0.9010775685310364
26,859.3012084960938,182.9283447265625,923.9100952148438,220.48809814453125,0.8489552140235901
26,922.8194580078125,184.75503540039062,973.7080078125,214.64283752441406,0.7659000158309937
26,953.8035888671875,183.01609802246094,996.388671875,210.3427734375,0.7617437243461609
26,1102.6929931640625,189.23397827148438,1153.7760009765625,221.18875122070312,0.7400416731834412
26,980.3040161132812,183.27700805664062,1017.1659545898438,208.4180145263672,0.5669341683387756
27,235.2032470703125,178.18917846679688,498.6778869628906,294.96234130859375,0.9667536020278931
27,982.2799072265625,179.97525024414062,1070.9027099609375,251.57962036132812,0.9256951808929443
27,671.6227416992188,185.0337677001953,774.1756591796875,237.52113342285156,0.8778812289237976
27,819.0429077148438,181.78292846679688,886.2902221679688,220.0458984375,0.8740533590316772
27,882.7435302734375,183.03668212890625,930.2798461914062,213.1877899169922,0.813488245010376
27,1062.6640625,188.0319366455078,1105.609130859375,218.97210693359375,0.6852033734321594
27,913.21435546875,181.20166015625,952.2804565429688,208.82777404785156,0.6258323788642883
27,937.7119140625,180.62046813964844,974.44091796875,206.1110076904297,0.5939613580703735
27,952.6809692382812,180.3153839111328,984.549560546875,206.0221710205078,0.42702147364616394
28,85.48519897460938,178.06370544433594,423.55816650390625,316.83642578125,0.9355005025863647
28,619.1920166015625,184.5853729248047,729.4129638671875,240.83302307128906,0.9276788234710693
28,779.3972778320312,182.6515350341797,845.4774169921875,220.5308837890625,0.8809593915939331
28,951.4263305664062,180.76126098632812,1032.1678466796875,249.89468383789062,0.870121419429779
28,1019.0167846679688,186.8149871826172,1058.114501953125,216.8851318359375,0.7904775142669678
28,844.1238403320312,183.93641662597656,889.4693603515625,213.36500549316406,0.7464679479598999
28,871.2481079101562,182.46290588378906,911.2131958007812,208.99783325195312,0.7207900285720825
28,892.6929931640625,181.6245880126953,929.6015625,206.7655487060547,0.6341586112976074
29,1.8379615545272827,178.6091766357422,327.9634704589844,340.1174011230469,0.9731454253196716
29,565.8003540039062,184.7058563232422,681.574951171875,246.5144500732422,0.9077587127685547
29,919.7412109375,182.18142700195312,994.8497314453125,245.8477020263672,0.8995814919471741
29,737.3701782226562,183.36000061035156,803.7318115234375,221.71925354003906,0.8463518619537354
29,978.9034423828125,187.87718200683594,1013.7297973632812,214.9951171875,0.8094320893287659
29,832.5557861328125,182.59677124023438,870.0986328125,209.24180603027344,0.6983675360679626
29,801.6533203125,184.69195556640625,849.9810180664062,214.0442352294922,0.6974235773086548
29,853.27490234375,181.23829650878906,888.6962890625,206.6531524658203,0.5622172951698303
30,886.427490234375,181.88018798828125,957.5658569335938,244.553466796875,0.9365068078041077
30,509.51702880859375,183.5252227783203,634.6646118164062,250.57479858398438,0.9357247948646545
30,6.142027854919434,174.64645385742188,198.55848693847656,352.2889404296875,0.8591644167900085
30,694.802001953125,183.3480987548828,763.0564575195312,221.23831176757812,0.8234731554985046
30,761.8239135742188,183.5094451904297,809.3933715820312,213.44789123535156,0.7984687685966492
30,938.439453125,186.85562133789062,969.5855102539062,213.97988891601562,0.7663974761962891
30,794.2889404296875,181.6063995361328,830.17333984375,208.3101806640625,0.4981255829334259
31,854.6740112304688,182.30677795410156,920.3157958984375,242.38320922851562,0.929312527179718
31,444.1795349121094,182.87136840820312,583.2904052734375,252.8029022216797,0.9122940897941589
31,654.6458740234375,183.11732482910156,722.4041748046875,221.3033905029297,0.8904558420181274
31,722.222900390625,183.0636749267578,769.6543579101562,213.9265899658203,0.7351933717727661
31,899.1868896484375,186.68588256835938,927.1495361328125,212.85189819335938,0.7340279817581177
31,753.38818359375,182.2340850830078,789.1251220703125,208.8998260498047,0.6105461120605469
31,777.3427734375,180.9766845703125,809.2928466796875,204.7450714111328,0.4209180176258087
32,370.9664611816406,181.5504608154297,527.0025024414062,261.284912109375,0.9388256669044495
32,820.6791381835938,181.0210418701172,883.589111328125,238.81204223632812,0.9222532510757446
32,611.0819702148438,182.4123992919922,681.7003173828125,222.20729064941406,0.8839880228042603
32,682.2614135742188,182.96299743652344,729.2483520507812,213.36671447753906,0.745413064956665
32,856.1661987304688,185.3601531982422,887.060302734375,211.78289794921875,0.704718828201294
32,713.6182861328125,181.1890869140625,750.32421875,208.4823760986328,0.6898181438446045
32,735.6876831054688,180.6857452392578,766.63818359375,204.1088104248047,0.6110741496086121
33,279.8139343261719,183.01695251464844,469.2176208496094,272.6275634765625,0.9599789381027222
33,787.59033203125,180.5924835205078,844.8841552734375,235.6921844482422,0.9235700964927673
33,567.1669311523438,181.834228515625,639.260986328125,222.34312438964844,0.9040735363960266
33,641.344482421875,182.01556396484375,690.0843505859375,213.1818389892578,0.8528319001197815
33,674.142333984375,179.86363220214844,710.446044921875,208.43165588378906,0.785363495349884
33,697.1889038085938,178.48841857910156,727.802734375,203.03799438476562,0.43567535281181335
34,167.90957641601562,182.10784912109375,402.4023132324219,283.7219543457031,0.9410721659660339
34,753.9708862304688,179.5237579345703,807.5341186523438,232.690673828125,0.8527615666389465
34,521.0133666992188,181.44271850585938,598.3529052734375,223.47657775878906,0.8227753639221191
34,600.21044921875,181.5797119140625,650.777587890625,213.2969207763672,0.7757944464683533
34,632.0875854492188,179.89324951171875,669.492919921875,207.7872772216797,0.7483454346656799
34,657.1622314453125,178.0443572998047,689.2387084960938,203.36480712890625,0.5015275478363037
35,472.9656677246094,181.3719482421875,556.2611694335938,226.1517791748047,0.9276258945465088
35,719.5849609375,178.63233947753906,772.1884155273438,230.95655822753906,0.9116283655166626
35,16.7174129486084,183.8677215576172,328.9579162597656,303.88336181640625,0.9087786078453064
35,559.0725708007812,181.16925048828125,611.6590576171875,213.8063201904297,0.7866672873497009
35,595.00537109375,179.02725219726562,632.5239868164062,208.25363159179688,0.7304612398147583
35,620.0226440429688,177.3202362060547,650.6265258789062,203.19407653808594,0.5352658033370972
36,427.07623291015625,182.0668487548828,515.236572265625,229.27432250976562,0.9274501800537109
36,3.804607629776001,185.3785858154297,239.07415771484375,332.8056335449219,0.9038359522819519
36,690.2042846679688,178.28048706054688,739.7440795898438,229.12232971191406,0.8783003687858582
36,521.71337890625,181.1761932373047,577.0242919921875,215.22056579589844,0.866743803024292
36,560.8048706054688,178.9397735595703,596.904052734375,208.4222869873047,0.7447085380554199
36,587.5386352539062,176.69590759277344,618.325927734375,202.90631103515625,0.6251641511917114
37,379.5350036621094,182.99981689453125,477.7507629394531,234.0044403076172,0.9345304369926453
37,663.9343872070312,177.1061248779297,713.4592895507812,227.91635131835938,0.862237811088562
37,-0.3328194320201874,186.75914001464844,135.0760498046875,347.0012512207031,0.7773334383964539
37,528.7705078125,178.96694946289062,567.0408325195312,209.2361297607422,0.777012050151825
37,486.37176513671875,182.1924285888672,544.2366333007812,216.9962615966797,0.7743940353393555
37,556.7269287109375,177.9361114501953,587.8368530273438,203.54891967773438,0.6800411939620972
38,332.3854675292969,185.0176544189453,441.8908386230469,239.56663513183594,0.9115675091743469
38,455.8495178222656,183.16580200195312,515.7162475585938,219.3953399658203,0.8648571968078613
38,642.08544921875,177.6221160888672,690.3191528320312,227.22021484375,0.8617106080055237
38,530.2697143554688,178.44325256347656,562.5387573242188,205.82449340820312,0.7053186297416687
38,501.82305908203125,180.5301513671875,540.2322387695312,210.95989990234375,0.673364520072937
39,286.82452392578125,186.0504608154297,408.24127197265625,246.7299041748047,0.9415766596794128
39,622.5662231445312,178.04855346679688,670.8509521484375,226.90142822265625,0.8384763598442078
39,426.1363525390625,184.19308471679688,490.9906311035156,222.86134338378906,0.7861689329147339
39,475.730224609375,181.31460571289062,516.3390502929688,212.88221740722656,0.7796846032142639
39,507.8462219238281,179.4965362548828,539.1342163085938,206.34335327148438,0.6656999588012695
40,398.5008850097656,184.24191284179688,466.50177001953125,224.3709259033203,0.9304686188697815
40,234.72752380371094,186.47418212890625,373.90655517578125,253.7741241455078,0.9291037917137146
40,606.9794921875,177.96823120117188,653.4255981445312,226.1769561767578,0.8758178353309631
40,451.8836364746094,181.39512634277344,496.5867614746094,214.62986755371094,0.8214739561080933
40,488.62969970703125,179.66189575195312,521.5926513671875,207.85203552246094,0.6689059138298035
40,508.3558044433594,181.34454345703125,535.4439086914062,203.60147094726562,0.4172491133213043
41,179.44065856933594,187.2732391357422,343.08642578125,260.6261901855469,0.9229912757873535
41,372.67291259765625,184.360595703125,444.39776611328125,226.88095092773438,0.9050621390342712
41,592.7091064453125,177.8071746826172,640.0077514648438,225.83251953125,0.8728839159011841
41,470.78814697265625,179.62132263183594,503.4664306640625,208.05776977539062,0.801766037940979
41,431.5933837890625,181.34922790527344,478.8488464355469,216.28025817871094,0.7562282085418701
41,491.604736328125,180.94618225097656,521.1463012695312,204.44619750976562,0.5484549403190613
42,113.83218383789062,189.2379608154297,309.9488525390625,273.2437744140625,0.9269495606422424
42,348.5184631347656,185.59170532226562,425.0124816894531,230.54872131347656,0.9060454964637756
42,412.4092712402344,183.3463897705078,463.01513671875,217.59829711914062,0.8460301160812378
42,582.9586181640625,178.92897033691406,629.020263671875,225.17938232421875,0.8358339071273804
42,479.4222412109375,181.9282989501953,508.6634521484375,204.52464294433594,0.6688812375068665
42,455.8221435546875,180.19422912597656,492.2152404785156,209.39682006835938,0.6147757768630981
43,44.00999069213867,193.5691680908203,277.2769775390625,284.6617126464844,0.9024226665496826
43,324.77880859375,188.33396911621094,408.0664978027344,234.56201171875,0.8879194259643555
43,397.79864501953125,184.69981384277344,451.69635009765625,219.43429565429688,0.8817655444145203
43,444.2705993652344,182.73451232910156,482.0753479003906,211.2523651123047,0.8536418676376343
43,576.0576782226562,179.72740173339844,621.888916015625,225.39276123046875,0.792441189289093
43,469.33514404296875,182.964111328125,499.4944152832031,206.47019958496094,0.49335983395576477
44,3.1075286865234375,194.4229736328125,234.73219299316406,302.7804260253906,0.9553929567337036
44,303.3614196777344,188.78170776367188,391.9251708984375,239.04336547851562,0.9067884087562561
44,384.3470153808594,185.8134002685547,442.96380615234375,222.62759399414062,0.893276035785675
44,435.79595947265625,183.21885681152344,473.92510986328125,212.921142578125,0.7995754480361938
44,571.5492553710938,180.72286987304688,617.9024047851562,226.13241577148438,0.7782205939292908
44,462.84112548828125,183.92796325683594,493.3422546386719,208.0240020751953,0.6280492544174194
45,280.0721130371094,190.19615173339844,376.70709228515625,243.8058624267578,0.942261278629303
45,2.2366743087768555,197.50355529785156,194.00656127929688,321.5671691894531,0.9274213910102844
45,569.4671630859375,180.3733367919922,614.8505859375,224.70648193359375,0.8653189539909363
45,372.6744079589844,185.9814453125,435.8083801269531,224.8622283935547,0.823380172252655
45,428.1681823730469,183.07965087890625,467.5688171386719,214.2568817138672,0.7998864650726318
45,457.8865661621094,184.44430541992188,490.1561584472656,209.30760192871094,0.6844949126243591
46,253.10769653320312,191.92576599121094,363.1728515625,249.48468017578125,0.9421849250793457
46,358.73455810546875,186.88616943359375,428.40924072265625,228.22821044921875,0.8740478754043579
46,454.166259765625,185.3708038330078,487.8265686035156,210.4513702392578,0.854455828666687
46,1.360430359840393,200.64385986328125,140.94387817382812,333.7597961425781,0.8418180346488953
46,421.6977844238281,184.0417938232422,464.7471618652344,215.7504425048828,0.8036413788795471
46,568.452880859375,180.46177673339844,612.52685546875,224.62692260742188,0.7840797901153564
47,220.71859741210938,194.0669708251953,344.3600158691406,254.63233947753906,0.9132571220397949
47,346.0657958984375,186.52818298339844,419.97027587890625,230.84877014160156,0.901032567024231
47,416.5072326660156,184.33387756347656,458.300537109375,217.1160888671875,0.8908719420433044
47,567.8697509765625,180.43736267089844,611.1229248046875,223.4508514404297,0.8488682508468628
47,451.91552734375,185.6991424560547,485.3123474121094,210.75341796875,0.8169124126434326
47,-0.8634331822395325,203.7071533203125,74.05615234375,330.4433288574219,0.5815091729164124
48,185.2230682373047,193.70989990234375,324.76129150390625,261.218505859375,0.9292600750923157
48,332.9944763183594,186.41146850585938,409.8210754394531,232.82579040527344,0.9079842567443848
48,409.5752258300781,184.38497924804688,455.03790283203125,217.35484313964844,0.8986995220184326
48,568.0813598632812,180.05215454101562,610.6131591796875,222.328125,0.8779191374778748
48,447.1512756347656,185.80714416503906,483.6300354003906,209.87893676757812,0.7002703547477722
49,139.4640350341797,193.42337036132812,304.9643249511719,269.93218994140625,0.9388760924339294
49,315.9504089355469,186.2699432373047,401.3517761230469,236.35267639160156,0.8864691853523254
49,443.6509704589844,185.35714721679688,482.3436584472656,210.35525512695312,0.8758449554443359
49,402.0621643066406,184.3922576904297,450.1269836425781,217.6573486328125,0.857391893863678
49,568.1378173828125,179.6505126953125,610.7970581054688,221.28475952148438,0.8562507629394531
50,82.91153717041016,195.45045471191406,277.0546569824219,283.6073913574219,0.9536786675453186
50,300.1913757324219,187.77792358398438,389.0433654785156,239.48037719726562,0.8897738456726074
50,568.1000366210938,180.02838134765625,610.8735961914062,221.4774627685547,0.8476377725601196
50,393.81982421875,184.2093048095703,445.86669921875,220.57827758789062,0.8091168403625488
50,441.28082275390625,186.36923217773438,480.9992370605469,211.00547790527344,0.7506343722343445
51,8.218118667602539,199.12744140625,244.2825164794922,297.3704833984375,0.9432891607284546
51,277.97320556640625,189.40138244628906,377.68707275390625,245.8029022216797,0.9334951639175415
51,385.1383972167969,185.838134765625,441.0232238769531,224.07362365722656,0.9296698570251465
51,439.563720703125,188.11671447753906,479.3863220214844,212.90460205078125,0.9030593633651733
51,567.9443359375,181.5987548828125,611.1776123046875,222.50965881347656,0.8177348375320435
52,1.1385284662246704,199.2156524658203,198.40432739257812,319.14251708984375,0.9467650055885315
52,251.9193878173828,190.7667999267578,364.3403625488281,252.20559692382812,0.9372270107269287
52,435.0226135253906,188.28207397460938,477.63232421875,214.7500457763672,0.9197183847427368
52,375.6504211425781,186.6077880859375,434.6102294921875,226.15237426757812,0.8568513989448547
52,568.4901733398438,181.8536834716797,610.6946411132812,222.50918579101562,0.8037611246109009
53,223.7248992919922,190.3147735595703,347.047607421875,257.21319580078125,0.9426389336585999
53,2.4011294841766357,201.19442749023438,141.81671142578125,333.5833435058594,0.9017909169197083
53,365.27056884765625,185.42445373535156,428.4988708496094,227.07557678222656,0.8794842958450317
53,431.5623779296875,187.3760986328125,474.93353271484375,213.85433959960938,0.8709802031517029
53,569.3772583007812,179.9646759033203,611.1557006835938,221.09996032714844,0.8340010643005371
54,183.32962036132812,190.5537567138672,327.47650146484375,264.88531494140625,0.919194757938385
54,426.8598937988281,186.96363830566406,471.2885437011719,213.83973693847656,0.8943940997123718
54,354.34222412109375,184.6892852783203,419.65325927734375,228.1182098388672,0.8822279572486877
54,570.161376953125,179.1023712158203,610.856689453125,219.831298828125,0.768767774105072
54,-2.085644006729126,203.37820434570312,76.39804077148438,346.06536865234375,0.6964526772499084
55,139.28150939941406,190.0864715576172,304.704345703125,273.55401611328125,0.929222047328949
55,421.9604187011719,186.9504852294922,468.780029296875,214.70880126953125,0.8983398675918579
55,340.7366027832031,185.44491577148438,411.220458984375,231.61033630371094,0.8931069374084473
55,570.5477294921875,179.79885864257812,611.1802368164062,219.33181762695312,0.811809778213501
56,77.84980773925781,193.9939422607422,275.4250793457031,286.5639343261719,0.9520745277404785
56,325.1471252441406,187.00558471679688,402.33831787109375,236.42062377929688,0.9267423748970032
56,571.796630859375,181.79844665527344,611.167724609375,220.3668212890625,0.9266958236694336
56,417.368896484375,188.09324645996094,466.3924255371094,216.9170684814453,0.7778437733650208
57,6.121899604797363,195.96592712402344,237.92266845703125,305.3813171386719,0.9476425051689148
57,411.6336669921875,190.05636596679688,462.69024658203125,219.70306396484375,0.9165613651275635
57,307.42010498046875,187.85252380371094,392.696533203125,240.68003845214844,0.8661068677902222
57,572.5146484375,183.60275268554688,611.6243286132812,221.58639526367188,0.7905986905097961
58,1.9611235857009888,193.76612854003906,194.48126220703125,324.9197692871094,0.9654784798622131
58,286.8006286621094,188.9730682373047,379.5372314453125,246.10806274414062,0.9109326004981995
58,403.39935302734375,190.7448272705078,459.95806884765625,221.69651794433594,0.850084662437439
58,573.7406616210938,185.24053955078125,612.435546875,222.85877990722656,0.8472133278846741
59,-0.14189131557941437,193.28627014160156,141.9178466796875,340.9977111816406,0.8885453343391418
59,264.58673095703125,187.42466735839844,365.6990966796875,248.8239288330078,0.8674696087837219
59,398.42547607421875,189.9489288330078,456.1387634277344,221.8153839111328,0.7974407076835632
59,575.1224975585938,184.75303649902344,613.342529296875,222.00624084472656,0.7547527551651001
60,390.4497985839844,188.5653533935547,450.32525634765625,221.7525177001953,0.9281303286552429
60,234.79542541503906,186.58143615722656,348.9046325683594,253.81689453125,0.9264266490936279
60,576.1201171875,182.60203552246094,614.5615234375,220.30613708496094,0.9234763383865356
60,0.6516770124435425,194.64512634277344,65.5347900390625,347.3255615234375,0.7006022334098816
61,201.4320526123047,184.7697296142578,327.9273681640625,257.497802734375,0.9323279857635498
61,383.3855285644531,186.5578155517578,445.643310546875,220.83151245117188,0.8654496669769287
61,577.4871826171875,180.46514892578125,616.1324462890625,218.53932189941406,0.7806757688522339
62,157.8357696533203,185.01397705078125,304.5886535644531,265.1910095214844,0.958573579788208
62,373.4657897949219,185.91334533691406,440.3442687988281,221.9844970703125,0.8584107756614685
62,578.9464111328125,179.03857421875,617.1464233398438,215.65737915039062,0.8452417254447937
63,103.65310668945312,184.56797790527344,278.7716064453125,277.30279541015625,0.932559609413147
63,362.9889831542969,185.39451599121094,434.6712951660156,223.50332641601562,0.9175208806991577
63,581.1719360351562,178.25099182128906,617.9637451171875,214.22207641601562,0.9106695652008057
64,350.33489990234375,185.84051513671875,429.6482238769531,226.5874786376953,0.9321115612983704
64,28.557348251342773,185.01434326171875,240.216064453125,293.96234130859375,0.9240190386772156
64,582.7637329101562,178.34915161132812,619.5448608398438,214.10964965820312,0.7576839327812195
65,4.677616596221924,189.40431213378906,198.8858642578125,313.8915100097656,0.9482638239860535
65,584.4974365234375,180.34434509277344,621.0146484375,215.72732543945312,0.8876137733459473
65,335.9534912109375,188.83184814453125,422.3066711425781,233.86911010742188,0.8634210824966431
66,320.712646484375,191.69171142578125,412.6044921875,239.0445098876953,0.9122540354728699
66,586.364501953125,181.0128173828125,622.73046875,215.81243896484375,0.8559588193893433
66,-1.0178020000457764,191.75262451171875,144.67782592773438,341.9217529296875,0.8230634927749634
67,301.56732177734375,191.19949340820312,401.7834167480469,240.53067016601562,0.9244382977485657
67,587.7836303710938,179.1731414794922,623.6158447265625,214.53372192382812,0.7561671137809753
67,1.1484817266464233,197.57656860351562,66.00011444091797,344.04248046875,0.7252397537231445
68,277.5669860839844,186.83969116210938,387.5890197753906,241.53890991210938,0.8966106176376343
68,589.199462890625,174.187744140625,624.428466796875,207.66424560546875,0.7768453359603882
69,245.65899658203125,186.0915069580078,373.24005126953125,245.07386779785156,0.9124326109886169
69,589.9906005859375,171.6390380859375,624.7342529296875,205.7638702392578,0.8946591019630432
70,209.22938537597656,187.10055541992188,353.8136291503906,254.83644104003906,0.9544194340705872
70,590.42822265625,172.6045379638672,624.9398193359375,206.1791534423828,0.9174525141716003
71,160.77978515625,194.65040588378906,332.9584045410156,269.46844482421875,0.9524577856063843
71,590.354736328125,177.0857696533203,625.3079833984375,210.98458862304688,0.8869135975837708
72,101.21424102783203,199.73382568359375,304.5634765625,285.6953430175781,0.9385512471199036
72,590.4744262695312,181.110595703125,625.0811157226562,214.72886657714844,0.8972955346107483
73,21.48792839050293,202.80445861816406,268.35003662109375,300.79754638671875,0.9497134685516357
73,590.6793823242188,181.4772491455078,624.2384033203125,214.37806701660156,0.9122724533081055
74,1.0799345970153809,203.40921020507812,221.5962371826172,321.70697021484375,0.9602834582328796
74,589.3109741210938,179.87266540527344,623.409423828125,212.6040802001953,0.8791003823280334
75,1.5232200622558594,203.65914916992188,163.53765869140625,337.9729919433594,0.8580459952354431
75,587.9251708984375,177.90513610839844,622.0708618164062,210.74522399902344,0.7754976749420166
76,587.5584106445312,177.93685913085938,620.5494384765625,210.10386657714844,0.8904113173484802
76,-3.0531322956085205,204.02822875976562,85.86732482910156,345.7377014160156,0.6762325167655945
77,586.8606567382812,178.68234252929688,619.2674560546875,210.30551147460938,0.8547906875610352
78,585.7607421875,178.83387756347656,617.8643188476562,209.9957275390625,0.7052972912788391
79,584.415283203125,178.23460388183594,616.9686279296875,209.736083984375,0.8723801970481873
80,583.2911987304688,177.84140014648438,614.9669799804688,209.12115478515625,0.9079365134239197
81,582.1890869140625,176.23348999023438,613.6215209960938,207.03390502929688,0.5496882200241089
82,581.022705078125,171.61940002441406,611.9991455078125,201.60891723632812,0.8168976902961731
83,579.1861572265625,168.9112548828125,610.1615600585938,199.01951599121094,0.7530571818351746
84,577.607177734375,168.50811767578125,608.0050048828125,198.0478973388672,0.6667503118515015
85,576.4728393554688,169.5830078125,607.2178344726562,198.99534606933594,0.8346126079559326
86,575.9063110351562,171.95428466796875,606.5333862304688,201.27774047851562,0.8341959118843079
87,576.0840454101562,174.43499755859375,605.1741333007812,202.6683349609375,0.8209516406059265
88,575.9993896484375,176.9116973876953,604.8648681640625,204.9471893310547,0.6129880547523499
89,576.0556640625,178.75216674804688,604.7418212890625,206.83348083496094,0.747443675994873
90,576.0687866210938,178.32432556152344,604.2073974609375,206.3185272216797,0.6236259341239929
91,574.886962890625,177.88636779785156,604.4096069335938,206.36212158203125,0.6676169037818909
92,575.227294921875,178.99838256835938,603.777587890625,206.97674560546875,0.7535846829414368
93,575.7655029296875,180.86500549316406,604.5362548828125,208.37022399902344,0.5795477032661438
94,576.8363037109375,183.13600158691406,604.3032836914062,210.1707305908203,0.788659393787384
95,577.4837646484375,183.7185516357422,605.148681640625,210.23019409179688,0.8739107251167297
96,577.98486328125,182.77012634277344,605.7900390625,209.3786163330078,0.8475529551506042
97,577.9617309570312,181.09239196777344,606.174560546875,207.8146209716797,0.7799137234687805
98,578.6873779296875,180.857421875,607.25830078125,207.3917999267578,0.8276932239532471
99,579.3937377929688,180.25543212890625,607.5701293945312,206.84820556640625,0.7238622903823853
100,580.5003662109375,179.16842651367188,608.352294921875,205.67684936523438,0.7778257727622986
101,581.155029296875,177.70510864257812,609.5007934570312,204.1156005859375,0.7242867350578308
102,581.7811889648438,176.91001892089844,610.0889282226562,203.64288330078125,0.8678858280181885
103,582.7363891601562,176.7190399169922,610.6968383789062,203.63919067382812,0.8644260168075562
104,583.3604736328125,176.61773681640625,610.9902954101562,203.1770477294922,0.7947308421134949
105,584.4542236328125,176.13560485839844,611.8758544921875,202.0808868408203,0.7688973546028137
105,506.3227233886719,178.06581115722656,524.4169311523438,192.2383575439453,0.6263934969902039
106,585.732421875,175.0570831298828,612.7197265625,201.0662384033203,0.8028445243835449
106,505.52972412109375,177.86276245117188,523.9583129882812,191.89952087402344,0.6100165843963623
106,478.3284912109375,175.593505859375,497.1153564453125,193.3921356201172,0.5145419239997864
107,585.3909912109375,173.70542907714844,614.028564453125,199.80419921875,0.8271370530128479
107,502.6790771484375,176.59153747558594,521.1422729492188,191.8595733642578,0.47278130054473877
107,475.7735595703125,173.7834930419922,496.9154052734375,193.00360107421875,0.42526382207870483
108,585.0285034179688,172.1343994140625,613.9968872070312,198.79220581054688,0.9089636206626892
108,501.0164489746094,175.53196716308594,519.8992919921875,190.32354736328125,0.7547211050987244
108,472.88006591796875,173.0211639404297,495.4581298828125,192.15736389160156,0.5952831506729126
109,585.598388671875,171.4196014404297,613.865478515625,197.7628631591797,0.8855997323989868
109,497.6088562011719,174.3245849609375,517.7789916992188,190.50135803222656,0.7886635661125183
109,469.0122985839844,172.67335510253906,492.24322509765625,192.27536010742188,0.5534037947654724
110,585.8507080078125,171.37037658691406,614.62646484375,197.73965454101562,0.867631733417511
110,495.2106628417969,174.7771453857422,516.755615234375,191.2469024658203,0.7757709622383118
110,465.2838134765625,172.38905334472656,488.6823425292969,192.63571166992188,0.5021562576293945
111,585.9408569335938,172.46929931640625,614.27099609375,198.38369750976562,0.8967136144638062
111,491.9006652832031,176.3293914794922,514.6978759765625,193.60147094726562,0.8611018657684326
111,461.669921875,172.63803100585938,489.905517578125,195.9344024658203,0.468382865190506
112,586.1378784179688,173.8148193359375,614.5402221679688,199.85784912109375,0.8208997845649719
112,487.41290283203125,177.6095428466797,512.85986328125,195.8874969482422,0.7076675891876221
112,458.4287414550781,173.6435089111328,486.6360778808594,197.5673828125,0.5395274758338928
113,585.8314208984375,174.70321655273438,614.38623046875,201.3280029296875,0.7567861080169678
113,481.437744140625,177.9148712158203,509.60479736328125,198.1797637939453,0.7187849879264832
114,585.7927856445312,175.9817657470703,613.8045043945312,201.8940887451172,0.8826208114624023
114,478.47796630859375,178.885009765625,505.8219299316406,199.7895965576172,0.7795195579528809
115,473.24871826171875,182.06488037109375,500.7903137207031,203.2917938232422,0.8670268654823303
115,585.25927734375,177.9198760986328,614.1392211914062,204.2231903076172,0.6662442684173584
115,503.81243896484375,174.94390869140625,523.9160766601562,194.8614044189453,0.43770894408226013
116,585.0463256835938,179.60914611816406,613.1660766601562,206.23362731933594,0.8906833529472351
116,466.4140930175781,183.46905517578125,496.9570617675781,205.76089477539062,0.6266905069351196
117,585.6370239257812,179.65240478515625,612.4503173828125,205.093994140625,0.8562660217285156
117,456.9050598144531,182.3140869140625,492.2723693847656,206.65640258789062,0.7792084217071533
118,450.4310607910156,181.13204956054688,487.0177001953125,206.48448181152344,0.8270518183708191
118,584.4380493164062,177.77732849121094,612.5335083007812,203.81529235839844,0.70768803358078
118,425.77862548828125,177.61489868164062,460.0758056640625,206.04721069335938,0.4484793543815613
119,584.646728515625,177.5509490966797,612.6213989257812,203.5990447998047,0.8074567914009094
119,442.0982666015625,181.21322631835938,480.52557373046875,207.9442596435547,0.7191576361656189
119,493.73388671875,174.25350952148438,517.6057739257812,196.30734252929688,0.5161253213882446
119,418.25360107421875,176.1875457763672,454.7841796875,207.711181640625,0.47896209359169006
120,431.3128967285156,181.9023895263672,474.55316162109375,211.2512664794922,0.8316550254821777
120,584.484130859375,178.72251892089844,613.143798828125,204.93260192871094,0.7178504467010498
120,411.28472900390625,176.43199157714844,448.21783447265625,208.5396270751953,0.5311613082885742
120,491.6612548828125,175.01292419433594,516.0074462890625,197.8580780029297,0.4880272150039673
121,419.8820495605469,181.70033264160156,467.7317199707031,214.5455322265625,0.8674527406692505
121,585.1871337890625,179.33839416503906,613.4559936523438,205.40330505371094,0.8672813773155212
121,489.01348876953125,175.00070190429688,513.761474609375,198.22720336914062,0.42751017212867737
121,401.75250244140625,176.23004150390625,441.2652587890625,210.53550720214844,0.4273654520511627
122,408.82147216796875,181.19610595703125,458.2278747558594,215.7021026611328,0.8559550642967224
122,585.060546875,178.5349578857422,613.7191162109375,204.86669921875,0.6932646036148071
123,391.6863098144531,178.97921752929688,449.9036560058594,216.5162811279297,0.920678973197937
123,585.7258911132812,175.79293823242188,614.0914306640625,201.9040985107422,0.8785828351974487
124,371.18682861328125,177.38258361816406,434.93536376953125,218.19955444335938,0.8553657531738281
124,586.282958984375,173.70745849609375,614.808349609375,199.6078643798828,0.8094111680984497
125,347.6664733886719,175.78662109375,419.0431823730469,226.56495666503906,0.8710590600967407
125,586.361572265625,175.22596740722656,615.1828002929688,201.47486877441406,0.80156010389328
126,318.7510070800781,176.8010711669922,399.4212341308594,234.57345581054688,0.9177396297454834
126,586.914306640625,175.84445190429688,615.0891723632812,201.68759155273438,0.8044443130493164
127,277.16595458984375,177.23292541503906,378.5448913574219,242.2534942626953,0.934979259967804
127,501.0304870605469,178.69821166992188,519.7279663085938,192.37596130371094,0.6808440089225769
127,587.7609252929688,174.9344482421875,615.9888305664062,201.2886199951172,0.66300368309021
128,222.05430603027344,181.8345184326172,346.842041015625,251.5082550048828,0.9262232780456543
128,588.6963500976562,175.03717041015625,616.2531127929688,201.09158325195312,0.747151792049408
128,499.33905029296875,178.86766052246094,519.163330078125,192.8631134033203,0.670924186706543
129,142.89402770996094,182.10491943359375,310.3796691894531,266.603271484375,0.9439536333084106
129,588.7080688476562,174.79005432128906,617.4176025390625,201.06790161132812,0.7387781739234924
129,497.5086975097656,178.64927673339844,518.1563720703125,193.28086853027344,0.6979369521141052
129,251.97760009765625,171.64755249023438,342.51806640625,230.48971557617188,0.4121401906013489
130,23.152145385742188,184.64134216308594,251.06077575683594,287.2191162109375,0.9555878639221191
130,496.03466796875,178.44432067871094,517.3095703125,193.01556396484375,0.8157000541687012
130,589.2471313476562,174.31130981445312,617.9554443359375,199.94107055664062,0.7004696726799011
130,209.28134155273438,169.06190490722656,320.0853576660156,238.24876403808594,0.44544264674186707
131,-0.08542202413082123,181.3976287841797,166.05502319335938,322.2398986816406,0.9087092876434326
131,589.7847290039062,173.78787231445312,618.401123046875,199.8037872314453,0.8209090828895569
131,493.6872863769531,177.9846649169922,514.242431640625,193.5639190673828,0.7110743522644043
132,590.0567016601562,173.28187561035156,618.4066162109375,199.90431213378906,0.8605592250823975
132,490.15484619140625,177.74331665039062,513.0391845703125,194.47640991210938,0.7658786773681641
133,590.8850708007812,172.9942169189453,618.5556640625,198.85389709472656,0.8483422994613647
133,487.38861083984375,176.79429626464844,510.6412658691406,194.94371032714844,0.8246872425079346
133,560.9444580078125,174.50924682617188,576.3573608398438,188.1246795654297,0.4891393184661865
134,590.8748779296875,173.33135986328125,619.1277465820312,199.1008758544922,0.7798128128051758
134,484.15069580078125,177.20831298828125,507.9023742675781,196.64523315429688,0.581717312335968
134,561.52001953125,174.52947998046875,576.9872436523438,188.9178466796875,0.5220350027084351
134,3.0978753566741943,166.59010314941406,131.23997497558594,297.4728698730469,0.4303627908229828
135,591.1048583984375,176.222412109375,619.3790283203125,202.0904541015625,0.625898540019989
135,480.204345703125,181.36578369140625,504.71002197265625,200.2500457763672,0.5214705467224121
136,477.02642822265625,184.5946044921875,503.0750427246094,203.86114501953125,0.7485426068305969
136,590.6943359375,178.66680908203125,619.7889404296875,205.2953643798828,0.5523921251296997
137,591.224365234375,180.08169555664062,619.271240234375,205.67599487304688,0.6247493028640747
137,471.5608825683594,185.66583251953125,499.8171081542969,205.5211181640625,0.5197506546974182
137,497.9565124511719,184.17286682128906,521.075439453125,200.199951171875,0.4069478511810303
138,465.01226806640625,185.83226013183594,496.28240966796875,206.09454345703125,0.7140201330184937
138,591.9602661132812,180.25872802734375,619.5596923828125,205.9741668701172,0.6709868907928467
138,495.9749755859375,183.62879943847656,518.913330078125,200.88803100585938,0.4905969202518463
138,562.0906982421875,181.58848571777344,577.5006713867188,196.6634521484375,0.41126012802124023
139,458.79718017578125,186.15280151367188,490.959228515625,207.4117889404297,0.85777747631073
139,591.7440795898438,180.25924682617188,619.858642578125,206.36570739746094,0.7127268314361572
139,492.6823425292969,184.3135223388672,514.9501342773438,201.64566040039062,0.6160832047462463
139,562.1556396484375,181.95741271972656,577.4620361328125,196.6946258544922,0.4868910610675812
140,450.13800048828125,185.27516174316406,486.4339904785156,207.7830352783203,0.8600420951843262
140,590.8744506835938,178.66873168945312,618.9517211914062,205.3248748779297,0.7505353093147278
140,489.4977722167969,183.4613494873047,513.7105712890625,201.24899291992188,0.68407142162323
141,441.37109375,185.2731170654297,479.3341064453125,209.0693359375,0.8681774139404297
141,590.4061889648438,178.587158203125,618.72412109375,205.2972869873047,0.7668007016181946
141,485.50579833984375,183.2698516845703,510.49444580078125,201.5089111328125,0.7500426173210144
142,589.9310302734375,179.11549377441406,618.4462890625,205.67822265625,0.8608561754226685
142,481.4334716796875,183.9145965576172,506.3386535644531,201.957763671875,0.7789293527603149
142,430.3447265625,185.20314025878906,471.1791076660156,211.02513122558594,0.7489995956420898
142,560.2678833007812,180.9973907470703,575.61328125,195.38063049316406,0.6079254150390625
143,419.11181640625,184.2236785888672,464.0895080566406,210.97628784179688,0.878054678440094
143,477.01531982421875,180.9324188232422,503.3170166015625,200.587646484375,0.7043750286102295
143,589.7686767578125,177.8771514892578,618.2882080078125,204.07437133789062,0.6818023324012756
143,559.9341430664062,178.45486450195312,575.907958984375,193.82427978515625,0.6812068223953247
144,589.3929443359375,174.9009552001953,618.0513916015625,201.59100341796875,0.8302912712097168
144,406.30255126953125,182.53013610839844,454.60687255859375,210.5235595703125,0.7870809435844421
144,559.2559204101562,175.08627319335938,576.1348876953125,190.8370819091797,0.6742512583732605
144,470.4121398925781,178.7860870361328,498.56561279296875,198.0378875732422,0.6726915836334229
145,390.3120422363281,180.85227966308594,444.0968017578125,211.70298767089844,0.909722626209259
145,589.0595092773438,173.1782989501953,617.36572265625,199.2872772216797,0.8846055865287781
145,465.17034912109375,176.50253295898438,495.90301513671875,197.68630981445312,0.6604169607162476
145,558.3250122070312,173.445556640625,575.8025512695312,189.4832000732422,0.5454764366149902
146,589.2454223632812,172.76043701171875,617.0219116210938,199.1013946533203,0.9074920415878296
146,370.2996520996094,181.55882263183594,431.1315612792969,215.67279052734375,0.8774068355560303
146,458.99945068359375,177.0358428955078,491.408447265625,198.6846466064453,0.7148724794387817
146,557.689453125,172.9583740234375,574.9044799804688,189.64610290527344,0.543971598148346
147,347.4093017578125,183.28623962402344,417.172119140625,221.1101837158203,0.9190276861190796
147,588.8104858398438,173.28004455566406,616.56884765625,199.44378662109375,0.8787367343902588
147,557.2432250976562,174.01748657226562,574.8859252929688,190.27978515625,0.6690062880516052
147,453.311279296875,178.38174438476562,486.5076599121094,200.5263214111328,0.6230615377426147
148,317.60308837890625,186.77838134765625,399.9566650390625,227.9357452392578,0.8894073963165283
148,443.9755554199219,179.9604034423828,482.6098937988281,203.85293579101562,0.7916208505630493
148,588.7225341796875,174.0172576904297,616.4996337890625,199.81362915039062,0.767043948173523
148,556.9751586914062,174.4323272705078,574.7447509765625,191.08682250976562,0.7566726207733154
148,483.2069396972656,177.26950073242188,504.8962707519531,195.15931701660156,0.755412757396698
149,282.52178955078125,189.64224243164062,376.1921691894531,237.74411010742188,0.8932265043258667
149,435.3899841308594,181.6834716796875,476.5100402832031,207.5580596923828,0.8223100304603577
149,589.0421752929688,175.25511169433594,616.3789672851562,201.1604766845703,0.8103626370429993
149,556.6588745117188,176.0959930419922,573.8950805664062,193.20657348632812,0.8045693039894104
149,479.28759765625,178.5299530029297,501.4979248046875,197.25181579589844,0.6247497200965881
150,235.65542602539062,193.710693359375,350.94384765625,249.25462341308594,0.945139467716217
150,426.27935791015625,184.50454711914062,469.651123046875,211.3333740234375,0.904177188873291
150,588.9716186523438,176.96351623535156,616.26025390625,202.64315795898438,0.8536279797554016
150,556.9075317382812,178.10472106933594,573.1110229492188,194.87939453125,0.8020812273025513
150,475.5291748046875,180.80136108398438,498.0700378417969,200.45327758789062,0.7704616189002991
151,170.1938934326172,196.90037536621094,316.25628662109375,260.33917236328125,0.9275385141372681
151,555.8927001953125,176.95143127441406,572.696533203125,194.21951293945312,0.8652350902557373
151,588.7554931640625,175.83419799804688,616.288818359375,201.9945526123047,0.848447322845459
151,413.90777587890625,183.70326232910156,460.38275146484375,213.54893493652344,0.8450146913528442
151,470.04119873046875,180.09056091308594,495.4998779296875,200.94876098632812,0.7862567901611328
152,82.84588623046875,194.6563720703125,269.681396484375,271.7622985839844,0.9368644952774048
152,398.77166748046875,180.2810821533203,449.3683166503906,211.50146484375,0.8929641842842102
152,464.8813171386719,175.64279174804688,492.572509765625,196.594970703125,0.8230370283126831
152,554.7554321289062,172.8233184814453,571.904541015625,190.1859588623047,0.6864901185035706
152,587.5484619140625,171.09762573242188,616.22705078125,197.7089385986328,0.6348629593849182
153,1.0904022455215454,196.91062927246094,204.5668182373047,298.2720947265625,0.9643530249595642
153,383.40826416015625,179.54525756835938,437.9886779785156,212.24977111816406,0.8615449070930481
153,586.43896484375,169.25994873046875,615.2596435546875,195.2418975830078,0.816306471824646
153,459.0866394042969,174.68019104003906,487.12408447265625,195.33702087402344,0.6210460662841797
153,553.0299682617188,170.99234008789062,571.5838623046875,187.91184997558594,0.5198925733566284
154,362.4197692871094,180.31993103027344,425.7513122558594,217.3700714111328,0.8713827133178711
154,-0.2265767604112625,201.1723175048828,112.90687561035156,332.3793640136719,0.8101802468299866
154,587.2444458007812,170.10496520996094,614.2062377929688,196.17828369140625,0.7556501626968384
154,552.7534790039062,172.1014862060547,571.3941040039062,189.74168395996094,0.7507573962211609
154,453.864013671875,175.2306365966797,484.15789794921875,197.7572021484375,0.7331525087356567
155,338.1700744628906,184.44842529296875,409.75927734375,224.5202178955078,0.9283679127693176
155,446.7972106933594,177.26780700683594,479.6134338378906,201.22314453125,0.8617144227027893
155,586.6266479492188,171.3486785888672,615.0478515625,198.05442810058594,0.8156928420066833
155,552.6218872070312,174.30487060546875,571.6417846679688,191.7456512451172,0.7074330449104309
155,483.1501159667969,172.64418029785156,504.6131896972656,192.21585083007812,0.44210493564605713
156,311.15655517578125,185.6433868408203,392.4219665527344,232.0933380126953,0.9495945572853088
156,587.2180786132812,171.9269561767578,614.820556640625,198.22471618652344,0.777583122253418
156,441.0242614746094,177.14952087402344,475.6847229003906,203.7088623046875,0.6890871524810791
156,552.3340454101562,174.79898071289062,572.181396484375,193.17172241210938,0.6022502779960632
156,479.73138427734375,172.26177978515625,501.697509765625,193.94915771484375,0.512407124042511
157,272.0309753417969,189.73544311523438,370.7274169921875,242.6942901611328,0.9252616167068481
157,434.2612609863281,180.32215881347656,471.27337646484375,207.48785400390625,0.8450576066970825
157,552.6781005859375,176.72030639648438,572.1470336914062,194.67019653320312,0.7091308236122131
157,588.1737060546875,174.64364624023438,615.5817260742188,200.86648559570312,0.4903525412082672
158,225.93875122070312,195.0790252685547,341.7530517578125,255.2805633544922,0.9077926874160767
158,424.5675354003906,183.16592407226562,466.617919921875,212.3277130126953,0.8223996758460999
158,588.6788940429688,176.90072631835938,615.4718017578125,203.4971466064453,0.7465111017227173
158,552.5654907226562,179.28204345703125,572.0247802734375,197.90899658203125,0.7350627183914185
159,154.62564086914062,196.70059204101562,307.6845703125,268.1488037109375,0.9546112418174744
159,588.8221435546875,177.4536895751953,616.359375,203.49253845214844,0.8183673024177551
159,551.7203369140625,179.11798095703125,572.6365356445312,198.6719970703125,0.8080208897590637
159,415.9405517578125,183.39341735839844,460.1559753417969,213.46084594726562,0.7615275382995605
159,470.16900634765625,177.5471954345703,498.43408203125,200.93057250976562,0.515516996383667
159,130.7874298095703,196.2807159423828,167.8402099609375,216.1217803955078,0.4582716226577759
160,56.722904205322266,200.4384307861328,258.52880859375,285.58966064453125,0.9352395534515381
160,589.2036743164062,176.79994201660156,617.2548217773438,202.5481414794922,0.8947210907936096
160,403.8395080566406,181.98194885253906,451.7605895996094,214.52615356445312,0.8679817914962769
160,551.2281494140625,178.7405548095703,572.8667602539062,198.11734008789062,0.7916008830070496
161,2.362464189529419,199.2253875732422,195.0593719482422,310.6422424316406,0.9662945866584778
161,390.37261962890625,179.6637725830078,442.85992431640625,214.87387084960938,0.9394963383674622
161,589.4906005859375,174.79811096191406,617.4694213867188,201.005859375,0.7966238260269165
161,551.789794921875,177.13880920410156,572.2151489257812,196.0292510986328,0.7729762196540833
162,376.815673828125,179.7411651611328,431.6141052246094,217.70079040527344,0.8306893706321716
162,550.8650512695312,176.89097595214844,572.552490234375,196.69644165039062,0.8023511171340942
162,589.7864990234375,174.9173126220703,617.7677612304688,201.04214477539062,0.7776936292648315
162,-1.8888897895812988,203.6087188720703,99.36449432373047,345.7139892578125,0.7166804075241089
162,103.02824401855469,191.2432861328125,139.22332763671875,213.28221130371094,0.6131268739700317
163,589.40234375,176.6655731201172,617.4996948242188,203.1674346923828,0.8919480443000793
163,549.9691772460938,178.22779846191406,573.5162963867188,199.16712951660156,0.8575502634048462
163,357.6324768066406,182.034912109375,420.1390686035156,223.14511108398438,0.8478251099586487
163,91.9723129272461,193.14697265625,129.1506805419922,214.88006591796875,0.6749318838119507
164,549.1770629882812,178.63294982910156,573.6438598632812,200.5825653076172,0.8903239369392395
164,332.7964782714844,182.68121337890625,403.7444152832031,228.8157958984375,0.8738369941711426
164,588.9154052734375,177.21087646484375,617.8674926757812,203.98544311523438,0.8534167408943176
164,80.47834014892578,193.4808807373047,119.21868896484375,215.6029510498047,0.7454677820205688
165,303.567626953125,182.50363159179688,389.6123352050781,233.17405700683594,0.93370121717453
165,548.0908813476562,178.3621368408203,572.8912963867188,200.8466033935547,0.891635000705719
165,588.8250122070312,176.9761962890625,617.6946411132812,203.58470153808594,0.87818843126297
165,68.36106872558594,192.7067413330078,109.18055725097656,215.41065979003906,0.6378957629203796
166,268.6125793457031,183.6270294189453,364.7400207519531,239.1298370361328,0.933472752571106
166,589.0100708007812,176.81875610351562,616.4456787109375,202.956787109375,0.8877320289611816
166,547.34228515625,177.83682250976562,572.7426147460938,201.2556610107422,0.8710677623748779
166,55.90003967285156,192.12437438964844,98.00634002685547,215.06991577148438,0.594970166683197
167,218.04661560058594,184.26840209960938,338.96820068359375,248.6004638671875,0.9389215707778931
167,588.4119873046875,177.1079864501953,615.812255859375,203.13848876953125,0.7967740893363953
167,42.3071403503418,193.12603759765625,87.46266174316406,215.4281463623047,0.7806637287139893
167,546.0706176757812,177.85464477539062,572.247314453125,201.4905548095703,0.6504146456718445
168,156.7852020263672,182.88677978515625,303.0010070800781,258.4544982910156,0.9506832957267761
168,544.4456787109375,175.8285675048828,571.923095703125,200.15786743164062,0.748076856136322
168,588.3678588867188,175.15216064453125,615.651123046875,201.1405792236328,0.7273485660552979
168,29.064172744750977,191.07305908203125,76.19843292236328,213.97232055664062,0.6877819895744324
168,482.2021789550781,178.27316284179688,506.7854309082031,197.5240478515625,0.5971223711967468
169,64.85944366455078,181.09310913085938,256.6978759765625,273.04400634765625,0.9407427906990051
169,543.080810546875,171.7723846435547,571.811767578125,196.7084503173828,0.8066904544830322
169,478.7425842285156,174.93405151367188,503.3963928222656,194.28782653808594,0.769203782081604
169,11.254729270935059,187.57339477539062,64.4000473022461,213.26194763183594,0.6528334617614746
169,587.6759033203125,171.52850341796875,614.8703002929688,196.7124481201172,0.6448430418968201
169,403.4637756347656,169.2053680419922,454.5183410644531,206.33290100097656,0.4923902750015259
170,1.6278156042099,180.7421875,194.5586395263672,298.5888977050781,0.9561177492141724
170,474.1356201171875,175.34811401367188,499.3133544921875,194.138671875,0.8283401131629944
170,587.3253784179688,170.207763671875,614.6566772460938,196.039306640625,0.7396129369735718
170,541.3173828125,171.30807495117188,570.5614624023438,196.89682006835938,0.7292063236236572
170,391.7252502441406,167.37765502929688,445.4681396484375,206.9857635498047,0.5831567049026489
171,586.501953125,171.78680419921875,613.4649658203125,197.5282745361328,0.879642128944397
171,538.8239135742188,172.49673461914062,569.51123046875,199.07591247558594,0.8654685020446777
171,375.4389953613281,168.24595642089844,437.4720764160156,211.48583984375,0.8373598456382751
171,-0.2468125820159912,187.36175537109375,98.27169799804688,331.4756774902344,0.7484542727470398
171,468.45013427734375,176.30487060546875,495.3814392089844,195.8894500732422,0.7468520402908325
172,537.1847534179688,175.42352294921875,568.7868041992188,202.83900451660156,0.8995679616928101
172,462.7314147949219,179.2712860107422,490.2763366699219,199.47230529785156,0.7754892110824585
172,585.5509643554688,173.9007568359375,613.16552734375,200.31076049804688,0.7364638447761536
172,360.5474548339844,171.3927001953125,424.5836486816406,216.48965454101562,0.5474271178245544
173,585.1131591796875,176.34129333496094,611.6677856445312,201.92356872558594,0.7876554727554321
173,457.0938720703125,181.14523315429688,488.16583251953125,203.69264221191406,0.7615993618965149
173,533.737548828125,177.6799774169922,567.6602172851562,206.24929809570312,0.7040548920631409
174,531.6709594726562,177.90208435058594,565.4888916015625,206.73289489746094,0.8730597496032715
174,450.7558288574219,182.0124053955078,482.2269592285156,204.68563842773438,0.6988063454627991
174,583.61962890625,176.32952880859375,611.4132690429688,201.4883575439453,0.6497358679771423
174,316.305908203125,173.026611328125,398.57537841796875,227.564697265625,0.5039284825325012
175,443.0552978515625,181.07203674316406,477.278564453125,203.2535858154297,0.862835168838501
175,286.7177734375,171.5187225341797,378.1438903808594,231.6714630126953,0.8598774075508118
175,582.4180908203125,173.71331787109375,610.3601684570312,199.7352294921875,0.7944353222846985
175,528.94287109375,175.42356872558594,564.3595581054688,205.6743927001953,0.783944845199585
176,582.2362060546875,172.66529846191406,608.91162109375,198.51950073242188,0.8916377425193787
176,526.0056762695312,174.251953125,562.578125,205.73524475097656,0.8793784976005554
176,251.22677612304688,169.2188262939453,358.9302062988281,235.71995544433594,0.8075953125953674
176,434.28216552734375,179.62281799316406,469.591796875,203.99386596679688,0.762245774269104
177,426.2288818359375,180.3471221923828,462.2062072753906,206.63072204589844,0.8910150527954102
177,581.5588989257812,173.10040283203125,608.8248901367188,199.05885314941406,0.8848558664321899
177,523.145751953125,174.3419647216797,561.7503051757812,207.45635986328125,0.8443904519081116
177,205.09494018554688,165.8506622314453,334.47833251953125,244.8210906982422,0.7368153929710388
177,448.2894592285156,177.8017120361328,473.09716796875,197.8223419189453,0.46746766567230225
178,147.00802612304688,169.5662078857422,305.42474365234375,255.5868377685547,0.8128557801246643
178,518.830810546875,174.5748748779297,559.4411010742188,209.48687744140625,0.7550798654556274
178,580.3944091796875,173.2138214111328,608.0057983398438,199.10491943359375,0.7294471263885498
178,416.1669616699219,181.87234497070312,454.87091064453125,207.82070922851562,0.7200068831443787
178,442.1976013183594,179.2421417236328,468.1927490234375,198.00027465820312,0.6483768820762634
179,515.3790283203125,175.8356170654297,558.2433471679688,212.92013549804688,0.9104533791542053
179,434.57342529296875,180.57493591308594,462.7602844238281,200.03831481933594,0.772085428237915
179,405.002197265625,183.1113739013672,448.080322265625,211.4520721435547,0.7649626135826111
179,579.0167846679688,173.7790985107422,607.5751342773438,200.20701599121094,0.7465851902961731
179,75.95680236816406,169.804443359375,267.22088623046875,269.8898010253906,0.45972058176994324
180,511.6612243652344,178.27647399902344,556.0736083984375,216.66162109375,0.9391061663627625
180,392.0580749511719,186.18983459472656,440.3074035644531,216.080322265625,0.8723340630531311
180,579.0889282226562,176.31800842285156,606.9915771484375,202.9293212890625,0.8503900766372681
180,429.2713623046875,183.26832580566406,457.47509765625,203.61268615722656,0.6989799737930298
180,7.276610851287842,168.24359130859375,211.5640411376953,293.92779541015625,0.4052222967147827
181,578.693359375,180.67562866210938,606.2024536132812,206.95034790039062,0.8646777272224426
181,506.925537109375,181.9922637939453,554.78369140625,223.11221313476562,0.8263400197029114
181,376.8794250488281,191.70948791503906,428.66156005859375,223.50416564941406,0.8242875337600708
181,421.77435302734375,188.5860595703125,449.4306335449219,208.5125274658203,0.5289396047592163
181,2.160550117492676,167.33607482910156,140.67544555664062,320.8466796875,0.427767276763916
182,503.3033447265625,183.86830139160156,553.15185546875,226.41941833496094,0.8440127372741699
182,413.0660400390625,190.17066955566406,443.4058837890625,211.2552490234375,0.8283829689025879
182,579.21923828125,182.99429321289062,606.1984252929688,208.90090942382812,0.7856149673461914
182,360.6268310546875,193.23171997070312,416.4169006347656,227.5748748779297,0.7319573163986206
183,339.5965270996094,194.26425170898438,404.31085205078125,231.8626251220703,0.8846687078475952
183,579.605224609375,183.21438598632812,606.5193481445312,209.34609985351562,0.8292267322540283
183,498.6170654296875,184.63442993164062,550.747314453125,229.92588806152344,0.8047970533370972
183,404.09698486328125,190.84786987304688,436.7098083496094,212.9155731201172,0.7977615594863892
184,317.4814147949219,191.302490234375,390.5066223144531,233.51686096191406,0.9342490434646606
184,493.91033935546875,182.1699676513672,548.2809448242188,228.81639099121094,0.9333731532096863
184,393.77459716796875,188.01954650878906,431.2826232910156,212.07371520996094,0.8558257222175598
184,579.0562133789062,180.6471710205078,607.2677001953125,207.4396209716797,0.803992748260498
185,289.55718994140625,189.54701232910156,372.9725036621094,236.01487731933594,0.9499568343162537
185,488.56927490234375,179.0889129638672,546.6914672851562,228.56382751464844,0.9429566860198975
185,380.7262878417969,184.93539428710938,423.06494140625,210.59779357910156,0.8904821276664734
185,578.787353515625,177.17625427246094,607.5289916992188,204.62344360351562,0.7142953276634216
186,255.03598022460938,188.80859375,351.82904052734375,238.79759216308594,0.8949505686759949
186,368.02130126953125,183.33140563964844,413.8392028808594,211.7356414794922,0.8920290470123291
186,482.255126953125,176.9957275390625,544.9080200195312,229.65992736816406,0.8870110511779785
186,578.6245727539062,175.02101135253906,608.4396362304688,202.42770385742188,0.7146912217140198
187,475.6260986328125,177.34664916992188,543.2594604492188,233.72207641601562,0.956771194934845
187,208.3475341796875,191.15753173828125,325.6875915527344,249.03929138183594,0.9047791361808777
187,581.1431274414062,175.1846466064453,608.4934692382812,201.8185272216797,0.8373231291770935
187,354.8288879394531,184.95236206054688,403.11053466796875,214.23992919921875,0.796483039855957
188,468.6631164550781,178.8009796142578,542.5098876953125,238.9407501220703,0.9653667211532593
188,151.81422424316406,195.05162048339844,293.4945068359375,262.3076171875,0.9425047636032104
188,582.8923950195312,176.94989013671875,610.1693115234375,202.98617553710938,0.8736040592193604
188,338.6578674316406,187.05801391601562,392.0633544921875,219.9635009765625,0.7483569979667664
188,446.8865661621094,184.71554565429688,481.00811767578125,202.67645263671875,0.4964768588542938
189,460.1114501953125,179.07545471191406,539.54345703125,243.8054962158203,0.9318445324897766
189,70.12886047363281,197.95123291015625,251.48089599609375,276.50469970703125,0.9270721673965454
189,322.1872253417969,187.69900512695312,378.2906188964844,222.626708984375,0.8981072306632996
189,583.484130859375,177.04180908203125,611.2625122070312,203.2563018798828,0.7109423875808716
189,442.0914611816406,184.86282348632812,477.3455810546875,203.33575439453125,0.5687311291694641
190,1.19114089012146,196.2639923095703,195.56578063964844,297.1857604980469,0.9549609422683716
190,448.8982238769531,177.97747802734375,535.788818359375,248.34193420410156,0.9411695003509521
190,585.1206665039062,176.0541534423828,612.8773803710938,202.56973266601562,0.8929851651191711
190,295.14959716796875,187.16685485839844,363.5611267089844,225.09471130371094,0.8817833662033081
190,434.97906494140625,184.18740844726562,476.96954345703125,204.88812255859375,0.5074760317802429
191,435.9634704589844,176.12451171875,532.5869140625,251.713134765625,0.949442982673645
191,267.3180236816406,185.7974395751953,343.9556579589844,227.0719451904297,0.9032690525054932
191,-0.22201287746429443,196.5690460205078,118.48780059814453,321.4217529296875,0.8438941240310669
191,585.2813110351562,173.5625457763672,613.7833862304688,200.2428436279297,0.7921531796455383
191,433.1177673339844,183.70587158203125,471.230224609375,204.25694274902344,0.5072811245918274
192,419.8208923339844,173.48446655273438,528.4189453125,257.95574951171875,0.963802695274353
192,232.9329376220703,184.7056121826172,321.3921813964844,230.38485717773438,0.9358018040657043
192,585.60498046875,171.48135375976562,614.5918579101562,198.60231018066406,0.8984124064445496
192,424.8240966796875,182.83184814453125,463.8071594238281,203.3787384033203,0.5191977620124817
193,401.15948486328125,172.9139862060547,523.48193359375,267.0343017578125,0.9661630392074585
193,191.1712646484375,187.16644287109375,291.8472900390625,237.81173706054688,0.9415901899337769
193,585.6925048828125,170.58624267578125,614.753173828125,197.92955017089844,0.8596125245094299
193,402.2969970703125,182.06942749023438,446.7558898925781,207.1094970703125,0.5587401390075684
194,376.508056640625,175.6995391845703,514.7605590820312,280.9313049316406,0.966855525970459
194,135.57339477539062,192.37612915039062,258.0570068359375,251.03488159179688,0.9061723947525024
194,586.159912109375,172.70901489257812,615.7549438476562,200.19073486328125,0.8229601979255676
194,392.39984130859375,185.06353759765625,434.517578125,208.51991271972656,0.6727398037910461
195,344.9664001464844,180.1001434326172,507.1241149902344,300.03369140625,0.962492823600769
195,66.0235824584961,198.14894104003906,216.42291259765625,265.6260070800781,0.9304944276809692
195,587.4588623046875,176.12962341308594,616.7001953125,203.91146850585938,0.8022551536560059
195,380.9184265136719,185.945556640625,422.56787109375,209.19622802734375,0.541115939617157
195,388.5230407714844,187.20018005371094,430.2731018066406,207.98699951171875,0.5296363234519958
196,307.0360107421875,179.9477996826172,498.1001281738281,321.6412658691406,0.9711573719978333
196,-0.5629459023475647,201.99996948242188,158.88064575195312,279.47808837890625,0.9221136569976807
196,589.4982299804688,176.8090057373047,618.6593627929688,204.58526611328125,0.8639560341835022
196,376.6770935058594,187.8883056640625,419.0329284667969,213.30929565429688,0.5457019805908203
196,460.5484313964844,185.351318359375,488.2474060058594,203.11557006835938,0.5355043411254883
197,249.78958129882812,175.29400634765625,485.6268615722656,343.4259033203125,0.9786277413368225
197,-0.20781411230564117,200.95338439941406,83.5325698852539,293.40069580078125,0.7746007442474365
197,452.35308837890625,180.14096069335938,484.7330627441406,200.74652099609375,0.7621920704841614
197,590.2196655273438,173.65794372558594,620.1472778320312,200.25997924804688,0.5901108980178833
197,362.9813232421875,186.23651123046875,409.3188171386719,215.26133728027344,0.5144230127334595
198,168.6431121826172,172.62123107910156,470.9547424316406,370.56671142578125,0.9812068343162537
198,445.1192321777344,176.68954467773438,480.4083251953125,199.94009399414062,0.7978407144546509
198,591.3646240234375,169.897705078125,622.1031494140625,197.95806884765625,0.7236035466194153
198,386.1170349121094,180.21934509277344,425.7888488769531,206.90667724609375,0.4823223352432251
198,355.4415283203125,181.6184844970703,401.463623046875,212.68328857421875,0.47307687997817993
199,32.95332717895508,173.32968139648438,451.6747741699219,369.332275390625,0.9792739152908325
199,438.2164306640625,177.9560089111328,472.5387268066406,202.08946228027344,0.8432071208953857
199,592.8380737304688,169.62840270996094,623.6689453125,198.29977416992188,0.6712554097175598
199,339.8728942871094,181.68218994140625,386.15032958984375,212.98275756835938,0.43733730912208557
200,6.407547473907471,179.6798095703125,414.8646545410156,370.0936279296875,0.9901134967803955
200,429.5924072265625,181.65908813476562,468.8484191894531,207.67742919921875,0.841477632522583
200,595.6270141601562,173.34815979003906,625.5006103515625,200.36648559570312,0.8197394609451294
200,514.7276000976562,178.1000518798828,531.8331298828125,193.85174560546875,0.5140939950942993
201,-0.5477254986763,185.65794372558594,369.9190979003906,370.99713134765625,0.9818331599235535
201,597.733154296875,175.5152130126953,626.6887817382812,202.23252868652344,0.8630829453468323
201,417.1645202636719,184.0919647216797,464.5841369628906,213.57171630859375,0.7992504239082336
201,512.3012084960938,180.21604919433594,530.9306030273438,196.93299865722656,0.7315860390663147
201,191.9105682373047,194.07003784179688,301.04595947265625,262.5165100097656,0.40705278515815735
202,0.044461797922849655,200.0081787109375,290.7192687988281,372.27423095703125,0.9466050863265991
202,599.010009765625,174.24264526367188,629.7658081054688,201.96487426757812,0.803019106388092
202,405.6652526855469,184.20970153808594,457.7704772949219,214.88253784179688,0.7432286143302917
202,74.93201446533203,196.1668701171875,254.99224853515625,277.3932189941406,0.5701805949211121
202,510.8652038574219,178.88726806640625,530.0010375976562,195.16490173339844,0.4871245324611664
203,390.9405822753906,184.9929656982422,444.1159973144531,216.16331481933594,0.9170869588851929
203,0.9561136960983276,196.55616760253906,196.67208862304688,300.1673278808594,0.8190010786056519
203,600.8677978515625,174.0372772216797,630.9807739257812,201.50534057617188,0.6625902056694031
203,506.9944763183594,179.33306884765625,526.9510498046875,195.17298889160156,0.5269675850868225
203,410.7431640625,182.1901397705078,445.0247802734375,204.2300262451172,0.48740655183792114
204,370.87957763671875,188.0121307373047,433.3868713378906,221.6715545654297,0.9224538207054138
204,601.3591918945312,176.57131958007812,631.5443115234375,203.19412231445312,0.7966061234474182
204,501.7244567871094,181.12545776367188,523.6224365234375,198.47254943847656,0.628874659538269
204,-5.134227275848389,192.517822265625,101.65091705322266,334.12286376953125,0.5147740840911865
204,391.4251708984375,184.9600830078125,434.5976867675781,208.980712890625,0.4290819466114044
205,347.7904357910156,191.36752319335938,419.5272216796875,229.443603515625,0.8043681979179382
205,496.77191162109375,185.9129638671875,518.5680541992188,202.0758514404297,0.7567959427833557
205,601.4889526367188,180.92379760742188,631.8826293945312,208.0702362060547,0.6856708526611328
205,381.18804931640625,189.34381103515625,422.5837097167969,214.41246032714844,0.48714813590049744
206,321.24322509765625,196.15745544433594,397.0913391113281,236.95562744140625,0.9320372939109802
206,490.49652099609375,188.8682861328125,514.2156372070312,205.9907684326172,0.8451122641563416
206,351.7443542480469,190.76345825195312,407.26629638671875,224.00201416015625,0.7120641469955444
206,601.7921142578125,184.23829650878906,631.9813842773438,210.749755859375,0.6401945352554321
207,285.0313720703125,194.89918518066406,373.1283874511719,240.89059448242188,0.8850561380386353
207,328.104736328125,189.05996704101562,390.2496337890625,224.2338409423828,0.8569667339324951
207,483.5757141113281,186.1271209716797,509.0958557128906,204.9815673828125,0.5597400665283203
207,601.670654296875,181.18634033203125,631.9287109375,208.46302795410156,0.5549442768096924
208,239.16368103027344,193.46566772460938,345.0297546386719,246.15391540527344,0.9412700533866882
208,301.087646484375,186.7281036376953,369.43701171875,225.47940063476562,0.9377012848854065
208,476.25103759765625,182.7167510986328,504.7979736328125,201.9095458984375,0.8285689949989319
208,601.708251953125,177.93960571289062,631.946533203125,205.4658660888672,0.6024287939071655
209,264.5457458496094,186.33619689941406,346.7571716308594,231.45542907714844,0.9198339581489563
209,181.5670928955078,195.84408569335938,309.3706970214844,255.51812744140625,0.9009298086166382
209,468.43438720703125,182.7847900390625,496.919677734375,202.52703857421875,0.8050975203514099
209,602.0906982421875,177.45252990722656,631.6797485351562,204.507568359375,0.5837790369987488
210,94.31777954101562,200.05897521972656,264.6057434082031,270.6944580078125,0.9502849578857422
210,213.67666625976562,187.9677276611328,318.9943542480469,237.9114532470703,0.9394558668136597
210,458.9505920410156,182.68423461914062,490.8435974121094,203.41278076171875,0.8419154286384583
210,601.6159057617188,176.9257354736328,631.9017944335938,204.2228240966797,0.7513005137443542
211,1.4059137105941772,203.18544006347656,198.38075256347656,290.4244384765625,0.9603389501571655
211,158.23721313476562,188.6142578125,280.9541931152344,245.5497283935547,0.9257519841194153
211,601.6047973632812,177.10552978515625,631.6602172851562,204.34268188476562,0.7795732617378235
211,447.5895690917969,182.38595581054688,485.0655212402344,204.60797119140625,0.7229664921760559
212,88.27268981933594,188.3931884765625,233.3893585205078,254.67144775390625,0.9078011512756348
212,435.76544189453125,181.88027954101562,475.4924621582031,205.40301513671875,0.8947374224662781
212,600.9866333007812,175.83627319335938,631.3878784179688,203.36865234375,0.8794156908988953
212,-1.4127984046936035,203.34698486328125,112.13079071044922,322.4829406738281,0.8027191162109375
213,3.4806716442108154,191.08689880371094,171.31356811523438,271.67889404296875,0.960027813911438
213,599.8661499023438,176.45196533203125,629.754150390625,203.5808563232422,0.8927784562110901
213,422.334228515625,181.86691284179688,464.9257507324219,208.07496643066406,0.7631036639213562
214,0.7639086246490479,189.80628967285156,94.17081451416016,282.81024169921875,0.8100155591964722
214,599.3473510742188,173.1157684326172,629.94287109375,200.68199157714844,0.807628333568573
214,407.03912353515625,179.95799255371094,455.1214599609375,206.9348602294922,0.7644140124320984
214,507.47705078125,176.86077880859375,525.7647094726562,191.62718200683594,0.43712905049324036
215,391.3522644042969,182.3704071044922,442.86376953125,210.4384307861328,0.9094110131263733
215,599.0827026367188,174.20616149902344,629.2070922851562,201.5392303466797,0.6626134514808655
215,503.6115417480469,177.98526000976562,521.911865234375,191.675048828125,0.5484103560447693
216,372.9471130371094,185.6502685546875,427.7732849121094,215.52194213867188,0.8765833377838135
216,598.5651245117188,176.38160705566406,629.4701538085938,203.89927673339844,0.8474439382553101
216,531.8739013671875,179.62249755859375,545.9678344726562,193.3933868408203,0.49239543080329895
216,500.7933349609375,180.36561584472656,517.972900390625,193.64617919921875,0.45647192001342773
217,349.6244812011719,188.02536010742188,411.9429626464844,220.38027954101562,0.854803740978241
217,497.223388671875,181.96881103515625,514.1488647460938,196.26803588867188,0.6218034625053406
217,599.0182495117188,178.021240234375,628.4258422851562,205.2040252685547,0.5679749846458435
217,529.5032958984375,180.4906005859375,544.9456176757812,195.4320526123047,0.5330770611763
218,321.5362243652344,187.34890747070312,393.4544982910156,223.8670196533203,0.8699915409088135
218,599.024169921875,177.138916015625,629.0673828125,203.93760681152344,0.8059105277061462
218,493.2179260253906,180.41082763671875,511.1238098144531,196.25323486328125,0.707453727722168
219,287.0904235839844,187.98785400390625,371.02618408203125,228.9883270263672,0.9283528327941895
219,599.5138549804688,176.1380615234375,628.5914916992188,202.8776397705078,0.8456491827964783
219,488.87445068359375,179.31460571289062,507.6452331542969,195.03631591796875,0.5981921553611755
220,244.14169311523438,186.58070373535156,344.04022216796875,233.3188934326172,0.8932230472564697
220,599.3679809570312,172.74639892578125,629.1685180664062,200.1939697265625,0.8417149782180786
220,484.0430603027344,177.2679443359375,504.8080749511719,194.14981079101562,0.792500376701355
221,191.22911071777344,188.0423583984375,309.6494140625,242.7154083251953,0.9376991391181946
221,599.7096557617188,171.684814453125,629.1585083007812,199.10377502441406,0.8866469860076904
221,479.3889465332031,177.0430145263672,501.4215393066406,193.81741333007812,0.7433681488037109
221,519.5657348632812,174.8655548095703,537.537841796875,191.23646545410156,0.4009181559085846
222,118.5338363647461,192.35015869140625,265.90228271484375,256.2655029296875,0.9521533250808716
222,599.5525512695312,172.78875732421875,629.3350830078125,200.04847717285156,0.8757136464118958
222,515.6830444335938,176.3621063232422,534.5905151367188,193.00213623046875,0.640518844127655
222,474.846923828125,178.97476196289062,497.409912109375,196.5362091064453,0.5104383230209351
223,15.344339370727539,200.4241943359375,206.20826721191406,273.9499206542969,0.9074041843414307
223,600.094970703125,176.2065887451172,629.4434814453125,203.90829467773438,0.8753578066825867
223,468.74560546875,183.00270080566406,492.626953125,201.12110900878906,0.5965157747268677
223,510.5755920410156,180.7373504638672,531.7972412109375,198.0034942626953,0.4099580645561218
224,600.0621948242188,179.40953063964844,629.0997314453125,207.04608154296875,0.8783290386199951
224,0.6697104573249817,204.5623321533203,132.9832000732422,299.1018981933594,0.8748254179954529
224,507.0081787109375,183.8301544189453,527.287353515625,201.6775665283203,0.6979666948318481
224,462.3771667480469,186.4890899658203,488.61090087890625,204.78793334960938,0.6461841464042664
225,599.9843139648438,180.2541046142578,628.2379760742188,207.39117431640625,0.831045389175415
225,455.9642028808594,187.56394958496094,481.4414367675781,206.09556579589844,0.7395509481430054
225,503.2122497558594,184.92193603515625,523.1123046875,202.35670471191406,0.6885783672332764
226,599.2603149414062,179.77659606933594,627.9691162109375,207.23883056640625,0.7597326040267944
226,448.6025390625,187.58984375,476.3641052246094,206.56539916992188,0.6854174137115479
226,496.6258850097656,184.75433349609375,519.1466674804688,202.64390563964844,0.6710910201072693
227,440.9414978027344,187.98683166503906,469.08026123046875,207.34654235839844,0.7168914675712585
227,490.1376953125,184.79718017578125,513.123779296875,204.23289489746094,0.7073124647140503
227,598.8938598632812,179.89772033691406,628.034423828125,207.345947265625,0.6927005648612976
228,482.39727783203125,186.6846923828125,509.47540283203125,207.68203735351562,0.7911696434020996
228,430.9249267578125,189.43475341796875,463.5301208496094,211.02230834960938,0.761785089969635
228,515.3685302734375,185.45864868164062,530.91748046875,200.05099487304688,0.48964419960975647
228,598.023681640625,181.37030029296875,628.1151123046875,208.70594787597656,0.4513399600982666
229,421.4282531738281,189.7454071044922,457.1331481933594,212.2107696533203,0.7573798894882202
229,473.76800537109375,186.46946716308594,503.6112976074219,209.4983367919922,0.6278111338615417
229,598.6406860351562,181.794921875,628.2894897460938,209.5640411376953,0.5840850472450256
229,512.1275024414062,184.99525451660156,530.0513916015625,201.1118621826172,0.580422580242157
230,598.1558837890625,179.80845642089844,627.4107055664062,206.7486114501953,0.7749074101448059
230,409.4950866699219,187.05760192871094,448.1520080566406,211.70269775390625,0.7171063423156738
230,462.8861083984375,184.42808532714844,498.61968994140625,208.18397521972656,0.712559163570404
230,506.928466796875,182.42835998535156,527.2781372070312,199.10208129882812,0.6537511348724365
231,395.63323974609375,185.59188842773438,438.631103515625,211.30836486816406,0.8752631545066833
231,503.43072509765625,180.6738739013672,524.3496704101562,197.31919860839844,0.8665662407875061
231,452.00128173828125,183.1822052001953,489.37744140625,208.08363342285156,0.736353874206543
231,598.041259765625,177.1651153564453,627.4759521484375,204.74473571777344,0.6046000719070435
232,499.2983703613281,180.52586364746094,521.7687377929688,197.7017364501953,0.8625270128250122
232,380.6705017089844,185.81988525390625,428.9235534667969,213.15609741210938,0.7712686061859131
232,597.7533569335938,176.979248046875,627.7657470703125,204.4456787109375,0.7465369701385498
232,441.78955078125,183.7180633544922,481.343994140625,209.6138916015625,0.7188289165496826
233,427.44134521484375,182.462646484375,470.6680908203125,211.53285217285156,0.8954092860221863
233,494.5537109375,179.49693298339844,517.4539184570312,197.67518615722656,0.8486595153808594
233,597.8158569335938,175.75389099121094,627.3162231445312,203.27670288085938,0.8349570631980896
233,365.73016357421875,185.14486694335938,416.88916015625,214.2816619873047,0.7905690670013428
234,346.308349609375,184.1173858642578,401.754150390625,215.21298217773438,0.8647717833518982
234,409.751220703125,181.52552795410156,458.847412109375,213.2202606201172,0.8088203072547913
234,597.9039306640625,174.14111328125,627.3701171875,201.45628356933594,0.6638604402542114
234,489.3700866699219,177.6929168701172,513.7225341796875,196.6893768310547,0.6516395211219788
235,388.79705810546875,182.90354919433594,446.977294921875,217.57290649414062,0.9106102585792542
235,325.5508117675781,185.23268127441406,386.6567077636719,219.1832733154297,0.9095885753631592
235,483.1784362792969,179.19369506835938,508.4039306640625,198.6233673095703,0.7967073321342468
235,597.4979248046875,174.2216796875,627.5270385742188,201.75418090820312,0.6854806542396545
236,362.10980224609375,185.6513214111328,428.35345458984375,224.46151733398438,0.9034727215766907
236,597.6524047851562,175.903076171875,627.2508544921875,203.3678436279297,0.8408064246177673
236,298.32171630859375,187.66856384277344,368.0359802246094,225.37478637695312,0.8302170038223267
236,475.2403259277344,180.7661895751953,506.0462646484375,202.67437744140625,0.6214577555656433
237,330.5395202636719,186.91720581054688,408.8882141113281,232.13253784179688,0.9461466670036316
237,467.2042236328125,181.8738555908203,499.82666015625,205.02157592773438,0.8761758804321289
237,597.53857421875,176.7630615234375,627.4666137695312,204.4339141845703,0.8306695818901062
237,264.9930725097656,190.66552734375,346.5200500488281,231.81382751464844,0.8283949494361877
238,288.0147705078125,187.03822326660156,382.7309875488281,240.02162170410156,0.9596456289291382
238,227.22802734375,191.51824951171875,320.7984619140625,237.00357055664062,0.8816618919372559
238,597.6263427734375,176.96282958984375,627.1437377929688,204.6514434814453,0.7786505818367004
238,459.3719787597656,182.34934997558594,493.2689514160156,207.10464477539062,0.7610660791397095
239,235.12420654296875,189.0365753173828,348.5048828125,251.35385131835938,0.9414897561073303
239,597.7774658203125,176.44483947753906,627.26123046875,204.3330078125,0.8358243107795715
239,175.85768127441406,193.12115478515625,286.83502197265625,246.12722778320312,0.808708131313324
239,450.0882568359375,182.6851348876953,485.55511474609375,208.7493133544922,0.7580124139785767
240,150.98451232910156,191.8030242919922,304.05682373046875,265.0546569824219,0.9315768480300903
240,436.1905517578125,182.2195281982422,477.04736328125,210.05001831054688,0.8647210597991943
240,112.165283203125,195.89097595214844,241.83099365234375,254.32546997070312,0.862169623374939
240,597.7522583007812,175.6617889404297,627.34765625,203.46664428710938,0.8370354175567627
241,29.429779052734375,195.56729125976562,238.60646057128906,286.04779052734375,0.9196731448173523
241,421.2065124511719,182.42849731445312,468.88726806640625,212.51402282714844,0.9192318320274353
241,597.7703857421875,175.06004333496094,627.4692993164062,203.00015258789062,0.8154759407043457
241,23.66050910949707,196.5978240966797,182.17984008789062,266.6553955078125,0.6111810803413391
242,405.9822692871094,182.48843383789062,456.9988708496094,214.77809143066406,0.8488839268684387
242,0.3542286157608032,198.87474060058594,136.49749755859375,327.8855285644531,0.8469363451004028
242,597.5062255859375,174.1953887939453,627.50927734375,202.16229248046875,0.7879765033721924
243,386.4477233886719,184.59596252441406,442.7671813964844,220.78453063964844,0.8303457498550415
243,598.0967407226562,175.93080139160156,627.5986328125,203.00576782226562,0.7170087695121765
243,-2.016658306121826,203.15045166015625,35.948028564453125,299.753173828125,0.48142990469932556
244,359.9759826660156,186.3341522216797,428.6979064941406,226.8801727294922,0.8824212551116943
244,597.6870727539062,177.10269165039062,627.8947143554688,204.28089904785156,0.7447864413261414
245,330.8147277832031,187.76931762695312,408.4533996582031,232.48658752441406,0.9190114736557007
245,598.0558471679688,176.78309631347656,627.655029296875,203.7600860595703,0.7577864527702332
246,291.08782958984375,187.7537384033203,383.0468444824219,238.25099182128906,0.9099158644676208
246,597.87109375,174.64097595214844,627.4612426757812,201.96029663085938,0.7926455736160278
247,239.0456085205078,190.21563720703125,354.3365478515625,250.292724609375,0.9632079601287842
247,597.9924926757812,175.177978515625,627.3839111328125,202.3578643798828,0.772808849811554
248,167.27867126464844,195.40162658691406,315.6510009765625,266.922119140625,0.9345663785934448
248,598.3331298828125,176.46212768554688,628.5594482421875,204.00930786132812,0.6307793259620667
249,57.382057189941406,199.3590087890625,257.7337341308594,287.1261291503906,0.9515846371650696
249,598.2109375,176.18362426757812,628.7536010742188,204.0350799560547,0.6906672716140747
250,1.445038080215454,199.82794189453125,172.95352172851562,318.9927978515625,0.9445991516113281
250,598.1882934570312,176.2816162109375,628.8895874023438,204.2475128173828,0.7153435945510864
251,597.5079956054688,177.9049835205078,628.5353393554688,205.75680541992188,0.5308604836463928
252,598.0957641601562,179.5681610107422,629.0973510742188,207.7542724609375,0.7344756722450256
253,598.3535766601562,179.9977264404297,628.9078979492188,208.3782196044922,0.7639666795730591
254,598.2767333984375,179.6199493408203,629.0628662109375,207.9310302734375,0.7998700737953186
255,598.213134765625,179.62539672851562,629.2862548828125,207.84609985351562,0.8162493705749512
256,597.9475708007812,179.0202178955078,629.4552001953125,207.28663635253906,0.8143455982208252
257,597.465576171875,176.5400390625,629.799560546875,205.13726806640625,0.6978633999824524
258,597.5459594726562,174.1340789794922,629.7150268554688,202.67271423339844,0.7625707387924194
259,597.8222045898438,172.0220489501953,629.3485107421875,200.55441284179688,0.7813750505447388
260,597.2380981445312,171.7991485595703,628.6900024414062,200.7491455078125,0.6989161968231201
261,597.1422119140625,173.9236297607422,628.2357177734375,203.21319580078125,0.7851585745811462
262,596.394775390625,176.00213623046875,628.1055908203125,205.84564208984375,0.7935419082641602
263,596.367431640625,177.15318298339844,627.3927612304688,206.1758270263672,0.7493199706077576
264,595.9456787109375,174.72525024414062,626.580078125,204.45948791503906,0.9136166572570801
265,595.5035400390625,173.03515625,627.34912109375,202.7808837890625,0.8237199783325195
266,594.8494873046875,171.7451934814453,626.674072265625,201.62985229492188,0.868188738822937
267,595.0104370117188,171.27578735351562,626.5263061523438,201.07666015625,0.9024401307106018
268,594.0508422851562,170.31500244140625,625.6387939453125,200.6865692138672,0.8249896764755249
269,592.8792724609375,173.106201171875,624.8805541992188,203.8527374267578,0.750758707523346
270,592.482666015625,178.658447265625,625.0442504882812,210.240234375,0.7955801486968994
271,591.8553466796875,180.46592712402344,625.2384033203125,211.64108276367188,0.839565634727478
272,591.3980712890625,180.7274627685547,624.069091796875,212.67381286621094,0.9280490279197693
273,590.6278076171875,179.59205627441406,623.8356323242188,211.5357666015625,0.8016586899757385
274,589.8255004882812,178.6809539794922,621.9786987304688,210.17994689941406,0.8025535345077515
275,588.3966674804688,177.56190490722656,621.6959838867188,209.41448974609375,0.8346987366676331
276,587.6034545898438,176.56271362304688,620.7622680664062,207.9430694580078,0.905330240726471
277,587.5367431640625,175.07794189453125,619.8687133789062,206.20176696777344,0.8810391426086426
278,586.9371337890625,174.6500244140625,619.4624633789062,205.70468139648438,0.9237721562385559
279,586.533447265625,173.3545684814453,619.1633911132812,204.88072204589844,0.9219251275062561
280,586.2806396484375,172.81631469726562,618.697509765625,204.13497924804688,0.8875225186347961
281,586.141845703125,172.43116760253906,618.7930908203125,203.41993713378906,0.8125692009925842
282,586.218994140625,172.34201049804688,619.1321411132812,203.22666931152344,0.7507047653198242
283,586.3557739257812,171.52023315429688,619.3557739257812,202.4764862060547,0.8184100985527039
284,586.1845703125,170.92776489257812,620.085205078125,202.19581604003906,0.90872722864151
285,585.8838500976562,171.25912475585938,619.5673828125,202.30535888671875,0.8850042223930359
286,586.31298828125,171.58909606933594,619.87353515625,202.5303955078125,0.8138675093650818
287,586.5107421875,172.3977508544922,619.5679321289062,203.4832000732422,0.8030145764350891
288,586.8359375,173.19967651367188,619.550537109375,204.3911895751953,0.9107515215873718
289,586.983154296875,173.28590393066406,619.7508544921875,204.609619140625,0.9191198945045471
290,587.4243774414062,171.96421813964844,620.3832397460938,203.54840087890625,0.7753946185112
291,587.244873046875,169.6979217529297,620.4903564453125,201.42527770996094,0.92979896068573
292,587.7405395507812,168.92181396484375,620.5755615234375,200.56582641601562,0.9131236672401428
293,587.9450073242188,169.84918212890625,620.8248901367188,201.50914001464844,0.9103505611419678
294,588.30224609375,171.0521697998047,620.94091796875,202.4068603515625,0.8645257949829102
295,588.623046875,171.33973693847656,620.9166870117188,202.4839630126953,0.8062576651573181
296,589.3424072265625,171.6065673828125,621.0821533203125,202.8546905517578,0.5696027278900146
297,590.3690185546875,172.46092224121094,621.0802001953125,203.301025390625,0.589816153049469
298,590.5136108398438,172.72686767578125,621.401123046875,203.29727172851562,0.7428160309791565
299,590.8673706054688,173.44692993164062,622.267578125,204.29443359375,0.8984472751617432
300,591.759765625,173.38134765625,622.676513671875,204.31068420410156,0.9165550470352173
301,591.98876953125,174.17181396484375,623.6731567382812,205.1290740966797,0.9267800450325012
302,592.1863403320312,174.64239501953125,624.5263061523438,205.4059295654297,0.9064520001411438
302,560.6531982421875,173.6925506591797,575.7162475585938,188.22369384765625,0.45235612988471985
303,592.927490234375,174.66513061523438,624.956787109375,205.96371459960938,0.7831084728240967
303,560.6310424804688,173.6754150390625,575.1362915039062,188.3846435546875,0.4179370403289795
304,593.4498901367188,175.1122589111328,626.1195068359375,206.88673400878906,0.6500003933906555
305,593.5418701171875,176.98585510253906,626.0248413085938,207.7374267578125,0.7833733558654785
306,593.546142578125,177.0320587158203,625.9378051757812,207.7066192626953,0.7624325752258301
307,593.6809692382812,176.25759887695312,626.251708984375,207.05462646484375,0.7165157198905945
308,593.7755126953125,177.17416381835938,625.3787841796875,207.65562438964844,0.6915581822395325
309,593.5692138671875,178.78126525878906,625.694580078125,209.84375,0.7159889340400696
310,592.403076171875,180.5146026611328,625.5572509765625,210.80645751953125,0.5987704992294312
311,592.9303588867188,179.3373565673828,624.9342041015625,210.1474151611328,0.6717496514320374
312,592.6074829101562,179.56532287597656,624.6768798828125,210.1331787109375,0.7102164030075073
313,592.3643188476562,181.62005615234375,624.3749389648438,211.83651733398438,0.8786906003952026
313,1075.0400390625,169.9955596923828,1155.2437744140625,196.17205810546875,0.691949188709259
