0,287.02032470703125,186.22097778320312,525.8883056640625,292.5066223144531,0.9648721218109131
1,219.206298828125,187.95884704589844,481.54901123046875,298.652587890625,0.9655240178108215
2,139.34788513183594,187.50918579101562,431.18603515625,309.0771484375,0.9695726633071899
3,44.56361770629883,189.80517578125,377.7259826660156,322.3312683105469,0.9680998921394348
4,-3.070173740386963,190.25543212890625,316.5835876464844,342.5263977050781,0.9786320924758911
4,1211.1083984375,184.6422576904297,1240.1640625,218.94744873046875,0.54164719581604
5,0.9511833786964417,191.0603485107422,241.80625915527344,365.8210754394531,0.9648077487945557
5,1178.2049560546875,182.8625946044922,1239.68505859375,219.59425354003906,0.8138931393623352
6,0.8352762460708618,194.57940673828125,157.2771453857422,362.5466613769531,0.9041147232055664
6,1140.8524169921875,182.25872802734375,1239.618408203125,218.77073669433594,0.7738860845565796
7,1110.076171875,179.99478149414062,1238.985595703125,219.88441467285156,0.7694839835166931
7,1.2538323402404785,204.2440643310547,48.4867057800293,368.261962890625,0.5470738410949707
8,1076.119873046875,177.457763671875,1218.381591796875,218.59791564941406,0.8822715878486633
9,1048.5628662109375,178.8733367919922,1181.0799560546875,216.9435577392578,0.8598295450210571
10,1016.1292724609375,178.42001342773438,1145.0404052734375,215.70147705078125,0.8981087803840637
11,987.5953369140625,177.33392333984375,1113.557861328125,215.15289306640625,0.8487693071365356
12,962.585693359375,175.92947387695312,1082.561279296875,213.55238342285156,0.8078945279121399
13,940.1990356445312,177.17617797851562,1050.7384033203125,212.07449340820312,0.8416153788566589
14,917.4561767578125,177.60951232910156,1026.9556884765625,211.36666870117188,0.8877419829368591
15,896.8379516601562,177.07989501953125,1000.9901733398438,210.16285705566406,0.9034226536750793
16,877.3047485351562,177.6148681640625,975.6249389648438,208.88734436035156,0.8768400549888611
17,859.4317626953125,176.47315979003906,953.071044921875,208.2024688720703,0.8865603804588318
18,841.5796508789062,175.8275146484375,926.5932006835938,206.33746337890625,0.7107862234115601
19,824.3457641601562,174.79214477539062,912.283447265625,206.74530029296875,0.903600811958313
20,808.818359375,174.22970581054688,894.9652099609375,205.18817138671875,0.9323386549949646
21,794.0653076171875,174.46047973632812,876.3858642578125,204.28729248046875,0.9008216261863708
22,781.5907592773438,174.4006805419922,858.727294921875,203.67745971679688,0.9153550267219543
23,770.770263671875,174.4934539794922,842.27392578125,202.64483642578125,0.8684887886047363
24,758.5084228515625,174.2872772216797,828.960205078125,201.96034240722656,0.8685281872749329
25,748.7149047851562,173.90635681152344,813.8430786132812,201.68898010253906,0.7723395228385925
26,738.9318237304688,173.47145080566406,801.2272338867188,200.70729064941406,0.8486092686653137
27,730.7722778320312,173.9732666015625,789.2019653320312,200.03668212890625,0.8261867761611938
28,722.429443359375,173.41986083984375,778.1281127929688,199.68252563476562,0.898047149181366
29,714.5614013671875,173.735107421875,768.7280883789062,198.77072143554688,0.7776650786399841
30,707.2283935546875,173.96437072753906,758.35009765625,197.96847534179688,0.8873023390769958
31,701.0047607421875,173.90283203125,749.6605834960938,197.1493377685547,0.8198671936988831
32,695.8139038085938,173.87010192871094,741.7215576171875,196.724853515625,0.8355517387390137
33,690.817138671875,173.79689025878906,734.8817749023438,196.10353088378906,0.8941524028778076
34,685.8995361328125,173.6596221923828,727.735107421875,195.55845642089844,0.7248467803001404
35,681.3680419921875,173.70228576660156,721.7317504882812,195.0618896484375,0.8311319947242737
36,678.5869140625,173.8204345703125,715.60400390625,194.7362518310547,0.8220155835151672
36,1156.9324951171875,222.95828247070312,1237.27490234375,373.27813720703125,0.5915245413780212
37,1068.723876953125,202.5688934326172,1241.2388916015625,370.4375,0.9345253705978394
37,674.8375854492188,173.85617065429688,710.7080078125,194.2402801513672,0.7586113214492798
38,1011.7783813476562,202.79026794433594,1236.3095703125,369.4085693359375,0.9543700218200684
38,671.4386596679688,174.18540954589844,706.1790771484375,193.9485626220703,0.7512392401695251
39,965.4881591796875,200.79066467285156,1233.900390625,370.99383544921875,0.9794162511825562
39,668.8158569335938,174.2979278564453,701.7310180664062,193.39260864257812,0.5912638306617737
40,918.9088134765625,196.43775939941406,1236.175537109375,369.994384765625,0.9897953867912292
40,666.6351928710938,173.93455505371094,697.65380859375,192.80465698242188,0.6321667432785034
41,886.6333618164062,194.49591064453125,1235.896484375,369.44598388671875,0.9927452206611633
41,664.0580444335938,173.862548828125,693.7935180664062,192.3479766845703,0.6158134937286377
42,859.1845703125,189.9256134033203,1179.252197265625,367.56298828125,0.9919065237045288
42,661.7943725585938,173.6647186279297,690.94677734375,192.26112365722656,0.7883498072624207
42,1180.2783203125,188.46041870117188,1237.2396240234375,338.3106384277344,0.5516203045845032
43,835.464599609375,190.77651977539062,1109.29248046875,344.90643310546875,0.9891313314437866
43,660.1561279296875,173.71519470214844,687.4337768554688,191.78408813476562,0.8584391474723816
43,1135.2896728515625,193.59959411621094,1237.2437744140625,340.30560302734375,0.8018607497215271
44,817.1998901367188,189.23362731933594,1049.170166015625,328.32318115234375,0.9885513186454773
44,1094.4552001953125,188.3507537841797,1238.593017578125,330.5884704589844,0.9297118782997131
44,657.7830200195312,173.81689453125,683.8861083984375,191.04776000976562,0.7858397364616394
45,800.4896850585938,188.11459350585938,1003.8884887695312,313.5594482421875,0.9867551922798157
45,1057.98974609375,186.2030029296875,1237.92333984375,317.17950439453125,0.9643390774726868
45,656.01953125,173.3077392578125,681.5616455078125,190.62681579589844,0.8642897605895996
46,785.669189453125,186.73550415039062,965.5468139648438,300.3546142578125,0.9869790077209473
46,1030.1739501953125,186.01434326171875,1238.1302490234375,307.2726135253906,0.9682425856590271
46,653.9926147460938,173.49032592773438,678.7681884765625,190.4174041748047,0.8878414034843445
47,1001.7149658203125,185.60281372070312,1236.36669921875,293.99945068359375,0.9816738367080688
47,772.5343627929688,186.146240234375,934.00341796875,291.25421142578125,0.9766214489936829
47,652.8326416015625,173.3168182373047,676.1426391601562,190.01431274414062,0.811710774898529
48,761.482421875,184.9518585205078,906.2855834960938,281.2876892089844,0.972432017326355
48,975.1619262695312,186.6112823486328,1188.0057373046875,283.1917724609375,0.9653133749961853
48,650.75048828125,173.466796875,674.0253295898438,189.77833557128906,0.8789803385734558
49,752.8627319335938,184.38052368164062,880.8726806640625,272.5447998046875,0.9844751954078674
49,952.3771362304688,184.19517517089844,1141.718994140625,273.9588623046875,0.9453597068786621
49,649.418212890625,173.3079376220703,671.5162963867188,189.4428253173828,0.7812440395355225
50,742.989990234375,183.03298950195312,859.6934204101562,265.8162841796875,0.9828270673751831
50,932.082763671875,183.55691528320312,1103.315673828125,266.63568115234375,0.9486720561981201
50,647.8673095703125,173.187744140625,668.7322998046875,189.08448791503906,0.8620219230651855
51,734.3721313476562,182.83670043945312,840.5811157226562,258.8662414550781,0.9579799771308899
51,911.3499755859375,182.0520477294922,1066.5877685546875,259.8805236816406,0.9417401552200317
51,646.1907348632812,173.140380859375,666.3145141601562,188.522216796875,0.6167529821395874
52,725.0323486328125,182.58660888671875,824.8448486328125,253.026611328125,0.9699851274490356
52,895.353515625,181.94473266601562,1036.0416259765625,254.00743103027344,0.924163818359375
52,644.5465087890625,173.3788604736328,664.5035400390625,188.4115753173828,0.846087634563446
53,879.5549926757812,181.59829711914062,1011.2720336914062,250.87124633789062,0.9734887480735779
53,718.9658813476562,181.80990600585938,809.3734130859375,249.0511016845703,0.9441536664962769
53,643.0493774414062,173.48377990722656,662.7308959960938,188.02987670898438,0.7586042881011963
53,1203.8525390625,191.82882690429688,1237.7232666015625,358.0152893066406,0.4945349097251892
54,712.2086181640625,181.2112274169922,795.826416015625,243.7152557373047,0.969639003276825
54,866.545166015625,180.62237548828125,986.4174194335938,246.14808654785156,0.9657630324363708
54,641.40234375,173.28321838378906,660.2418212890625,187.7301483154297,0.7807928323745728
54,1159.07421875,194.5347900390625,1235.3643798828125,347.5280456542969,0.6618238687515259
55,853.65625,180.33888244628906,964.1014404296875,242.50975036621094,0.9358294606208801
55,705.6707153320312,180.6837921142578,783.8219604492188,239.49630737304688,0.9126891493797302
55,1112.1265869140625,192.9274139404297,1237.746337890625,341.077392578125,0.8481767773628235
55,639.920166015625,173.2572021484375,658.0120239257812,187.4435577392578,0.7102730870246887
56,699.489013671875,180.34963989257812,773.0175170898438,235.55685424804688,0.9663770794868469
56,841.3991088867188,180.17726135253906,944.802978515625,238.4976043701172,0.9280838370323181
56,1074.2957763671875,188.9313201904297,1237.1029052734375,330.1477355957031,0.894280731678009
56,638.3060913085938,173.5456085205078,656.67333984375,187.2835693359375,0.702958881855011
56,1075.420166015625,225.5479736328125,1241.80078125,370.7244873046875,0.5160706639289856
57,694.5108032226562,179.84298706054688,762.6323852539062,231.63113403320312,0.9548571109771729
57,1044.3682861328125,189.74229431152344,1236.227294921875,313.92572021484375,0.9312003254890442
57,828.899658203125,179.50880432128906,927.4143676757812,234.92825317382812,0.917025089263916
57,1012.3004150390625,218.8417510986328,1243.2734375,370.1318664550781,0.9143330454826355
57,637.5089721679688,173.31178283691406,655.3912963867188,187.16493225097656,0.7420760989189148
58,1017.5612182617188,188.00462341308594,1236.9117431640625,308.1174011230469,0.9636138081550598
58,968.8513793945312,218.3547821044922,1238.619384765625,370.58917236328125,0.9605938792228699
58,818.9957275390625,179.13333129882812,910.2366333007812,231.47576904296875,0.9589834213256836
58,689.0724487304688,179.63687133789062,753.5604858398438,228.4307861328125,0.9223139882087708
58,635.6764526367188,173.15333557128906,654.03515625,187.05381774902344,0.5994263887405396
59,925.4716796875,211.5716552734375,1234.748779296875,370.14337158203125,0.976030707359314
59,809.5357055664062,179.08827209472656,894.8889770507812,228.56668090820312,0.9581130146980286
59,991.7874755859375,185.12852478027344,1238.379638671875,309.899169921875,0.9396931529045105
59,684.10546875,179.44895935058594,745.7219848632812,225.30006408691406,0.8933318853378296
59,635.3186645507812,173.19528198242188,651.2066040039062,185.74156188964844,0.5557634830474854
60,891.9157104492188,211.32032775878906,1231.916748046875,369.1124267578125,0.9884839653968811
60,680.1328735351562,179.03173828125,736.8416748046875,223.71060180664062,0.9516419768333435
60,800.4500732421875,178.9723358154297,880.2910766601562,225.9453125,0.9435621500015259
60,961.4485473632812,182.88973999023438,1232.218017578125,304.15667724609375,0.8895442485809326
60,633.2286376953125,173.73672485351562,649.8637084960938,186.3397979736328,0.518175482749939
61,855.9231567382812,204.1906280517578,1235.693359375,369.5707092285156,0.9892300963401794
61,792.466796875,178.6072998046875,865.9990844726562,223.34381103515625,0.9627927541732788
61,675.921630859375,178.51034545898438,730.104736328125,221.2401885986328,0.8543707132339478
61,944.0711059570312,181.86109924316406,1179.00927734375,282.88800048828125,0.8297504186630249
61,631.8668212890625,173.2191162109375,648.1900634765625,185.7207489013672,0.41795551776885986
62,830.5698852539062,201.98419189453125,1237.6612548828125,369.4949035644531,0.9881244897842407
62,672.6406860351562,178.06202697753906,722.9913940429688,218.76687622070312,0.9016757011413574
62,913.7234497070312,182.14332580566406,1132.004638671875,273.4893493652344,0.8453502058982849
62,783.1475830078125,178.50328063964844,854.1004028320312,220.8357696533203,0.831924557685852
62,630.47216796875,173.1747589111328,647.642822265625,185.39114379882812,0.5460923910140991
63,810.1911010742188,199.81593322753906,1148.1949462890625,371.2339782714844,0.9888206720352173
63,775.5276489257812,178.326416015625,842.9376831054688,217.7762451171875,0.9499056339263916
63,668.3985595703125,177.74569702148438,717.0731201171875,216.7711639404297,0.9456592798233032
63,898.1673583984375,181.41082763671875,1092.544189453125,265.8993225097656,0.926260232925415
63,629.0164184570312,172.91610717773438,647.3654174804688,185.4842987060547,0.46441543102264404
64,792.654296875,196.8512420654297,1075.60693359375,352.86309814453125,0.9899609088897705
64,767.838623046875,177.9014892578125,832.2108154296875,216.2534942626953,0.9047306180000305
64,664.894287109375,177.4320526123047,711.1793212890625,215.1287841796875,0.903927206993103
64,884.36328125,182.5497283935547,1052.810791015625,257.05322265625,0.838729202747345
65,780.1285400390625,195.55857849121094,1018.069580078125,332.7815246582031,0.9855056405067444
65,761.4785766601562,178.20343017578125,820.6422119140625,214.37123107910156,0.9060695767402649
65,863.750244140625,180.97805786132812,1027.582763671875,251.33677673339844,0.8855804800987244
65,661.8635864257812,177.3773651123047,706.1519775390625,212.4065399169922,0.8081169724464417
66,762.8139038085938,194.1798095703125,974.433349609375,316.57440185546875,0.9796650409698486
66,852.2861938476562,179.4910888671875,998.1126708984375,247.92959594726562,0.8860583901405334
66,658.310546875,177.37403869628906,700.912841796875,211.11019897460938,0.8238324522972107
66,755.4808349609375,177.02601623535156,811.208984375,212.7637939453125,0.8147076368331909
67,750.8754272460938,191.7620086669922,936.8900146484375,304.38031005859375,0.985031247138977
67,840.8739013671875,179.88323974609375,971.3720092773438,243.34039306640625,0.9200500845909119
67,749.1570434570312,177.20849609375,801.5831909179688,210.97195434570312,0.904731273651123
67,655.9694213867188,177.0413055419922,695.537353515625,209.51193237304688,0.8290209770202637
68,739.2236328125,189.79710388183594,907.452392578125,291.8828125,0.9707124829292297
68,828.8215942382812,179.29054260253906,946.0908203125,237.52426147460938,0.9324169158935547
68,742.0404663085938,176.97579956054688,793.50390625,209.74652099609375,0.900587797164917
68,653.0368041992188,176.8443145751953,691.2406005859375,208.4169158935547,0.8653273582458496
69,731.8635864257812,188.2861785888672,878.6154174804688,283.38836669921875,0.9872056245803833
69,815.76318359375,179.39828491210938,925.2695922851562,233.22084045410156,0.9150915145874023
69,735.94970703125,176.74403381347656,784.521484375,208.00453186035156,0.8034292459487915
69,650.3812255859375,176.3158721923828,687.6852416992188,207.1408233642578,0.8019943833351135
69,1128.7845458984375,227.0164337158203,1242.6512451171875,369.4701843261719,0.45595574378967285
70,722.4274291992188,187.8419189453125,854.4578857421875,274.9691162109375,0.9763326048851013
70,804.2689208984375,179.16050720214844,904.9466552734375,229.02825927734375,0.9191569685935974
70,648.5447998046875,176.34104919433594,683.2970581054688,205.45077514648438,0.8317038416862488
70,1065.0875244140625,211.11680603027344,1236.3529052734375,370.0640563964844,0.78011155128479
70,730.0179443359375,176.39852905273438,776.9091796875,207.28919982910156,0.7084741592407227
71,714.9448852539062,186.44711303710938,834.6419067382812,267.1951904296875,0.9747670292854309
71,1001.2495727539062,205.71986389160156,1236.762451171875,367.1880798339844,0.9188485145568848
71,794.2672119140625,179.36337280273438,888.4385986328125,225.36729431152344,0.9001209735870361
71,646.0015869140625,176.1978302001953,679.897705078125,204.0665283203125,0.8775404095649719
71,725.3153686523438,176.2747802734375,769.3073120117188,205.32672119140625,0.8081024289131165
72,707.5601806640625,185.61366271972656,817.0977783203125,260.353271484375,0.9711039066314697
72,949.2457275390625,197.3536376953125,1236.5794677734375,368.5233154296875,0.9625811576843262
72,785.0446166992188,177.87838745117188,872.3397216796875,223.36892700195312,0.9516137838363647
72,720.422119140625,176.0626678466797,763.4343872070312,204.7259979248047,0.7787279486656189
72,643.9646606445312,176.01925659179688,676.0670776367188,202.89144897460938,0.6711907982826233
73,911.1033935546875,197.35792541503906,1236.091552734375,368.3931579589844,0.9844265580177307
73,701.0651245117188,185.2633056640625,802.6619873046875,254.1172637939453,0.9794475436210632
73,776.910888671875,177.34153747558594,857.3718872070312,220.1058807373047,0.9156441688537598
73,641.4042358398438,175.74720764160156,672.6445922851562,201.95603942871094,0.878860354423523
73,715.4514770507812,175.665771484375,756.09716796875,203.09657287597656,0.8749831914901733
74,882.912841796875,194.90078735351562,1233.2581787109375,368.90582275390625,0.9884662628173828
74,695.2467651367188,184.06521606445312,788.1362915039062,248.85073852539062,0.9585772156715393
74,767.7197265625,177.23779296875,844.1287231445312,218.01844787597656,0.9554945826530457
74,639.7452392578125,175.4874267578125,669.40234375,200.75775146484375,0.8216261267662048
74,710.3804931640625,175.62603759765625,750.0941162109375,202.8789825439453,0.7696275115013123
75,848.7554321289062,189.55142211914062,1236.182861328125,369.8726806640625,0.9894068837165833
75,689.0155639648438,184.11170959472656,776.5191040039062,243.94723510742188,0.9566440582275391
75,759.078857421875,177.1023712158203,831.0079956054688,216.0027313232422,0.8933249711990356
75,704.554931640625,174.7594757080078,744.5153198242188,202.36801147460938,0.8104478120803833
75,637.9181518554688,175.6092529296875,666.6370239257812,200.046630859375,0.4919610023498535
76,825.72412109375,186.5050506591797,1234.478515625,370.137451171875,0.9898281097412109
76,684.8312377929688,183.63026428222656,764.2251586914062,239.70643615722656,0.9722263216972351
76,751.6564331054688,176.6145782470703,819.2215576171875,213.4013214111328,0.8690808415412903
76,635.8536376953125,175.05795288085938,664.567138671875,198.93267822265625,0.7936608791351318
76,700.4929809570312,174.50221252441406,738.5248413085938,199.46481323242188,0.6982081532478333
77,807.794921875,186.08692932128906,1145.7703857421875,357.54046630859375,0.9849027991294861
77,680.5509643554688,183.07098388671875,753.4590454101562,235.8216552734375,0.9672204256057739
77,744.9349975585938,176.60704040527344,809.5183715820312,212.48361206054688,0.9142691493034363
77,634.0101318359375,175.33583068847656,661.5016479492188,198.118896484375,0.7224669456481934
77,695.24365234375,174.45944213867188,734.4318237304688,199.61639404296875,0.6076503396034241
78,792.9835815429688,184.6194610595703,1074.2799072265625,335.3251037597656,0.9888436794281006
78,739.3082885742188,176.7761688232422,800.9808349609375,210.80702209472656,0.9404816031455994
78,632.28759765625,174.86656188964844,659.1209106445312,197.40489196777344,0.8909837007522583
78,675.408203125,182.42849731445312,744.146728515625,232.18728637695312,0.8764882683753967
78,691.9207153320312,174.02613830566406,730.1226196289062,199.09812927246094,0.5521813035011292
79,778.607177734375,182.55186462402344,1018.41259765625,319.7849426269531,0.98921799659729
79,672.0886840820312,181.4067840576172,736.421630859375,229.19769287109375,0.9625515341758728
79,734.08203125,176.62660217285156,792.998046875,209.51986694335938,0.9352660775184631
79,630.7638549804688,175.0558624267578,656.5980834960938,196.4915008544922,0.7931790947914124
79,687.968505859375,173.4449462890625,726.948486328125,198.7615509033203,0.5742723941802979
80,764.8057250976562,182.0153045654297,975.6338500976562,305.0616760253906,0.9832131862640381
80,629.5606689453125,175.07044982910156,654.981201171875,195.86622619628906,0.8956234455108643
80,668.1687622070312,181.513916015625,728.3381958007812,226.8483123779297,0.8928065896034241
80,728.6647338867188,176.0028839111328,784.468017578125,208.1205291748047,0.7670528292655945
80,682.6488647460938,172.57200622558594,720.5252075195312,199.10260009765625,0.5510035157203674
81,751.300537109375,181.7731475830078,938.4160766601562,291.3423156738281,0.9836536049842834
81,664.34130859375,180.8907012939453,722.00537109375,223.648681640625,0.9374780654907227
81,724.4633178710938,176.3115234375,776.8211059570312,207.05279541015625,0.79083251953125
81,628.8358154296875,175.18800354003906,652.7283325195312,195.14511108398438,0.694534420967102
81,678.6280517578125,172.4748077392578,716.3988037109375,198.6128387451172,0.5089824199676514
82,739.6216430664062,181.10641479492188,908.6126098632812,281.36761474609375,0.9831286072731018
82,660.930419921875,180.52247619628906,715.9713745117188,221.59671020507812,0.9477768540382385
82,720.1148681640625,176.03009033203125,768.7970581054688,205.16514587402344,0.8544396162033081
82,628.1192016601562,175.33140563964844,650.842529296875,194.5989227294922,0.8217079043388367
83,730.229248046875,181.12985229492188,880.90771484375,272.8778076171875,0.9817979335784912
83,657.80859375,179.9496307373047,710.2557983398438,219.355224609375,0.8860502243041992
83,715.6317138671875,176.32659912109375,760.3899536132812,204.2182159423828,0.8284431099891663
83,626.6290283203125,175.14317321777344,648.6738891601562,194.0093231201172,0.8019554615020752
84,723.0353393554688,180.6439971923828,856.603515625,265.1134033203125,0.9784910678863525
84,711.8494262695312,176.04238891601562,752.60693359375,202.66896057128906,0.8881290555000305
84,654.9309692382812,179.9692840576172,704.947998046875,217.20973205566406,0.8647582530975342
84,625.0303955078125,175.09915161132812,646.2451171875,193.61331176757812,0.7389854788780212
85,715.8195190429688,180.5956573486328,837.1898803710938,258.20452880859375,0.9613733291625977
85,652.2029418945312,179.6327667236328,700.4042358398438,215.8202667236328,0.9182649850845337
85,708.0452880859375,176.16209411621094,745.9993286132812,201.88624572753906,0.8189966678619385
85,622.9691772460938,175.202392578125,644.8267822265625,192.947021484375,0.6869621872901917
85,986.7232055664062,174.56195068359375,1081.8306884765625,213.7556915283203,0.6692108511924744
85,1164.8330078125,210.3237762451172,1237.895263671875,370.5856018066406,0.42975667119026184
86,708.3618774414062,180.14036560058594,819.537841796875,252.181884765625,0.9784355163574219
86,649.1112060546875,179.4828643798828,696.0472412109375,214.69796752929688,0.925386905670166
86,974.6455078125,177.84620666503906,1071.6412353515625,211.7215576171875,0.8205316066741943
86,1075.9434814453125,195.2669677734375,1240.349609375,370.4765930175781,0.8085551261901855
86,702.4097290039062,175.58583068847656,739.8329467773438,201.2357635498047,0.7387362122535706
86,621.1380615234375,175.7183074951172,642.5386962890625,192.20767211914062,0.49913260340690613
87,1007.9979858398438,180.1128387451172,1240.0047607421875,369.4403991699219,0.9615489840507507
87,701.7547607421875,180.1094512939453,803.4920043945312,246.975830078125,0.9547169208526611
87,647.6649780273438,179.61874389648438,691.714599609375,212.8984375,0.9253888130187988
87,958.7758178710938,178.69796752929688,1054.774169921875,212.89395141601562,0.7963103652000427
87,697.63330078125,174.97975158691406,735.8170776367188,199.33460998535156,0.6583881378173828
87,620.4861450195312,175.12232971191406,640.5881958007812,191.34030151367188,0.6156502962112427
88,964.2980346679688,170.99681091308594,1234.7879638671875,370.74053955078125,0.9699872732162476
88,694.5164794921875,180.21102905273438,790.87451171875,241.88304138183594,0.957184374332428
88,645.8475952148438,179.22967529296875,687.5908203125,210.53604125976562,0.8026058077812195
88,949.4432373046875,178.6709442138672,1043.2554931640625,210.94256591796875,0.7711477279663086
88,693.220703125,174.95101928710938,730.8277587890625,198.9487762451172,0.7556340098381042
88,618.1998291015625,174.5629425048828,638.5411376953125,191.04638671875,0.5607444643974304
89,917.0935668945312,164.13853454589844,1237.7098388671875,371.5237121582031,0.9852685332298279
89,689.5646362304688,179.71568298339844,778.8367309570312,238.3026885986328,0.9628645777702332
89,937.7036743164062,178.6995086669922,1030.87890625,209.91488647460938,0.8654037714004517
89,643.0770874023438,179.26914978027344,683.7565307617188,209.78919982910156,0.7608243823051453
89,616.2415161132812,174.3995819091797,637.1049194335938,190.93585205078125,0.7487286329269409
89,689.7906494140625,175.04566955566406,726.42822265625,198.59010314941406,0.7364272475242615
90,887.6822509765625,169.6809844970703,1235.4110107421875,371.0920104980469,0.9911613464355469
90,685.0513305664062,179.0059814453125,767.3212890625,233.73423767089844,0.9117510318756104
90,640.7216796875,178.572021484375,680.8818359375,208.75787353515625,0.9068812727928162
90,926.146240234375,178.423583984375,1016.9281005859375,209.15167236328125,0.8022873997688293
90,686.4769897460938,175.14825439453125,722.7648315429688,198.4772186279297,0.649493932723999
90,615.5320434570312,174.41604614257812,636.0111694335938,190.49624633789062,0.5908626317977905
91,855.4804077148438,170.53196716308594,1236.9434814453125,369.8417053222656,0.9916738867759705
91,638.5858764648438,178.53384399414062,677.8114013671875,207.73971557617188,0.9360567927360535
91,681.1466674804688,178.91867065429688,754.3159790039062,229.92196655273438,0.9163058996200562
91,921.936767578125,178.8552703857422,999.8101196289062,208.5779571533203,0.764155924320221
91,683.0610961914062,174.74661254882812,719.46923828125,198.2535858154297,0.6114016771316528
91,613.2369384765625,174.05096435546875,634.7124633789062,190.48077392578125,0.5021867752075195
92,830.4256591796875,165.19186401367188,1238.879150390625,370.8514099121094,0.9918745160102844
92,676.5721435546875,177.59927368164062,746.8982543945312,227.0886688232422,0.9450575709342957
92,636.7505493164062,178.22984313964844,674.22119140625,206.7161102294922,0.7963693141937256
92,910.73291015625,177.35777282714844,987.6209106445312,208.46157836914062,0.7653683423995972
92,612.7537841796875,174.4040985107422,633.4249267578125,190.05084228515625,0.6158782839775085
92,680.7619018554688,175.6143798828125,719.1868286132812,201.05807495117188,0.46648481488227844
93,812.5799560546875,169.7099151611328,1153.9771728515625,364.5665588378906,0.9903441071510315
93,673.0812377929688,177.77337646484375,737.7869873046875,223.9540252685547,0.959385097026825
93,635.21875,177.5699005126953,673.5025024414062,206.13003540039062,0.8345738649368286
93,901.1541137695312,175.6686248779297,980.9230346679688,209.73313903808594,0.7833862900733948
94,797.3740844726562,171.1060333251953,1083.433349609375,341.1507263183594,0.9877091646194458
94,669.1990356445312,177.67453002929688,730.2188110351562,221.59315490722656,0.9227952361106873
94,889.3434448242188,174.15272521972656,977.2154541015625,211.04286193847656,0.7538194060325623
94,634.6401977539062,177.83665466308594,668.2237548828125,204.3346710205078,0.653613805770874
95,782.9447021484375,171.3018035888672,1027.7108154296875,323.3444519042969,0.9893670678138733
95,665.6591796875,177.65516662597656,723.2284545898438,218.9344482421875,0.8788892030715942
95,633.048828125,177.7126922607422,665.3715209960938,203.74249267578125,0.8137044906616211
95,875.8919677734375,174.9757080078125,967.3408203125,210.9857177734375,0.7646608352661133
96,769.50146484375,171.83815002441406,982.7831420898438,307.5848083496094,0.9880899786949158
96,662.606201171875,177.0164031982422,717.0799560546875,216.28924560546875,0.9487009048461914
96,631.2625732421875,177.37599182128906,663.6885986328125,202.81930541992188,0.8215338587760925
96,864.9114990234375,174.93942260742188,955.4774780273438,210.65733337402344,0.7622511386871338
97,756.955322265625,171.91717529296875,945.8302001953125,294.77630615234375,0.9835378527641296
97,1046.39208984375,208.83221435546875,1240.3006591796875,372.7973937988281,0.9123501777648926
97,660.2239379882812,176.88446044921875,710.6232299804688,214.8257598876953,0.9086154103279114
97,629.8916625976562,176.723876953125,660.9486083984375,201.3411102294922,0.8478965759277344
97,867.3682250976562,176.05894470214844,952.9276733398438,208.29971313476562,0.6463778018951416
98,745.5547485351562,171.03106689453125,913.941162109375,285.2454528808594,0.984961748123169
98,978.6072998046875,202.91993713378906,1237.34716796875,370.2547912597656,0.9706050157546997
98,656.9986572265625,176.66238403320312,705.1784057617188,212.58441162109375,0.9161224365234375
98,628.3316040039062,176.7557373046875,658.90283203125,200.63943481445312,0.7968851923942566
98,863.4776000976562,176.81158447265625,942.6821899414062,207.44613647460938,0.7297923564910889
99,734.6763916015625,170.13381958007812,889.5283813476562,276.498291015625,0.9822595119476318
99,933.6159057617188,202.8517303466797,1236.045166015625,369.59613037109375,0.9801638722419739
99,654.6121826171875,176.93373107910156,699.8677978515625,210.96144104003906,0.9394845962524414
99,627.36279296875,176.3319854736328,656.4306030273438,199.82723999023438,0.7726907134056091
99,859.4678344726562,176.78375244140625,936.400146484375,206.62486267089844,0.7531975507736206
100,893.01953125,196.4622039794922,1235.9075927734375,369.9787902832031,0.9846746921539307
100,726.8719482421875,171.4123077392578,865.9341430664062,267.0909423828125,0.9787952303886414
100,651.75927734375,176.84490966796875,694.7567138671875,209.41458129882812,0.9407612085342407
100,853.3792724609375,176.65872192382812,927.2236938476562,205.1898956298828,0.847218930721283
100,625.856201171875,176.6846466064453,654.1672973632812,198.9125518798828,0.4463425874710083
101,862.682373046875,195.0039520263672,1236.7269287109375,369.3715515136719,0.9922263622283936
101,720.2799072265625,171.8671112060547,846.62060546875,260.1826477050781,0.9805241823196411
101,648.9884643554688,176.385986328125,690.4949951171875,207.99630737304688,0.9155162572860718
101,845.575927734375,176.28250122070312,922.223388671875,205.10076904296875,0.8716409206390381
101,625.7503051757812,176.36683654785156,652.51123046875,197.53817749023438,0.724019467830658
102,836.1336059570312,191.84762573242188,1153.7821044921875,367.5543212890625,0.9881443977355957
102,713.3310546875,172.1707000732422,829.1002807617188,253.91567993164062,0.983225405216217
102,841.559326171875,176.43630981445312,916.04150390625,204.3671417236328,0.8938392400741577
102,646.5757446289062,175.8298797607422,685.7684326171875,206.3394317626953,0.8089671730995178
102,624.357177734375,176.02357482910156,650.7122802734375,197.04380798339844,0.764275312423706
102,1131.9530029296875,198.6233367919922,1239.2467041015625,351.1571960449219,0.7413502335548401
103,812.869384765625,191.33937072753906,1078.6800537109375,344.01458740234375,0.9874429106712341
103,707.116455078125,172.89540100097656,813.12060546875,249.42828369140625,0.9510906338691711
103,1079.41650390625,188.7549285888672,1238.51953125,337.92474365234375,0.9441755414009094
103,835.7819213867188,176.63238525390625,909.0081787109375,203.7142333984375,0.8378503322601318
103,643.9197387695312,175.87522888183594,682.39501953125,205.5420684814453,0.836357057094574
103,623.1524047851562,176.10165405273438,649.078857421875,196.4239044189453,0.6395225524902344
104,797.6180419921875,190.8541259765625,1021.6396484375,321.7406005859375,0.9818874597549438
104,700.6420288085938,172.47918701171875,799.154541015625,244.35459899902344,0.9725754261016846
104,1038.9937744140625,187.12860107421875,1238.5157470703125,323.74676513671875,0.9672585725784302
104,830.9022216796875,176.63253784179688,903.69970703125,203.44061279296875,0.8436596393585205
104,622.7708129882812,175.57974243164062,648.4608764648438,195.83096313476562,0.7860764861106873
104,640.7916870117188,175.79232788085938,678.3843994140625,203.90745544433594,0.7234933972358704
105,780.4383544921875,188.26400756835938,976.6630859375,307.84954833984375,0.9857910871505737
105,1003.4815063476562,184.85203552246094,1238.55029296875,310.3565368652344,0.9776058197021484
105,695.7176513671875,172.0833282470703,785.9393310546875,240.0607147216797,0.9384779930114746
105,639.0720825195312,175.37725830078125,674.6389770507812,203.01864624023438,0.8842465877532959
105,621.6671142578125,175.51272583007812,646.8814086914062,195.36618041992188,0.8217575550079346
105,828.1008911132812,176.64111328125,898.6636352539062,202.9522247314453,0.8203303813934326
106,766.033935546875,186.55657958984375,937.3902587890625,294.75628662109375,0.9852290749549866
106,973.5328979492188,184.0491180419922,1237.62255859375,295.84906005859375,0.9796267151832581
106,690.1251831054688,172.2177734375,774.9892578125,236.23634338378906,0.9724588394165039
106,637.0484619140625,174.90228271484375,671.1121826171875,201.85328674316406,0.8981602191925049
106,822.302978515625,176.7162322998047,896.0948486328125,204.07351684570312,0.7754687666893005
106,619.8101806640625,175.401123046875,644.6441040039062,194.69349670410156,0.5619556903839111
107,948.115234375,183.588623046875,1199.044677734375,282.5285339355469,0.9760381579399109
107,753.9188842773438,186.02890014648438,906.2710571289062,283.90130615234375,0.9708341360092163
107,685.6162109375,172.0636749267578,763.86669921875,232.61724853515625,0.9546199440956116
107,819.822021484375,176.58358764648438,893.2218017578125,204.6660919189453,0.8299435377120972
107,618.9428100585938,175.2625274658203,644.3333129882812,194.50265502929688,0.7365739941596985
107,635.3194580078125,174.6591796875,668.0011596679688,200.86386108398438,0.6104119420051575
108,744.775390625,184.71072387695312,879.131103515625,273.8374938964844,0.9749153852462769
108,924.3131713867188,183.2523651123047,1145.648193359375,272.9244384765625,0.9746084809303284
108,681.5657348632812,172.14364624023438,753.6931762695312,228.8475799560547,0.9349663853645325
108,816.2045288085938,176.07772827148438,889.0877685546875,203.4344482421875,0.8652966618537903
108,633.1439208984375,174.51116943359375,664.715576171875,199.4093017578125,0.7708694338798523
108,616.9286499023438,175.02647399902344,643.833740234375,194.152587890625,0.7092772722244263
109,735.2489624023438,183.09657287597656,857.1875610351562,266.2042541503906,0.9728389978408813
109,903.2508544921875,181.80625915527344,1102.70556640625,265.598876953125,0.9710779190063477
109,676.7800903320312,172.25856018066406,746.966064453125,226.77735900878906,0.9235381484031677
109,631.3590087890625,174.03903198242188,661.9618530273438,198.9201202392578,0.8701016902923584
109,813.3727416992188,175.3789825439453,884.73095703125,203.33462524414062,0.8425151109695435
109,616.3909301757812,175.02052307128906,642.6871948242188,193.50802612304688,0.4847704768180847
110,725.9776611328125,182.4119415283203,836.41845703125,259.0419616699219,0.9790390133857727
110,884.30615234375,181.66168212890625,1062.229248046875,258.3748474121094,0.9617928266525269
110,673.137939453125,172.1420135498047,738.4271240234375,223.8645477294922,0.9376660585403442
110,812.6703491210938,175.46559143066406,881.7413940429688,203.16062927246094,0.8724319934844971
110,629.991455078125,174.03433227539062,659.0427856445312,197.69668579101562,0.6557492613792419
110,614.5912475585938,175.10179138183594,640.0420532226562,193.12428283691406,0.512160062789917
111,717.5855712890625,181.97071838378906,821.0970458984375,252.545166015625,0.9732110500335693
111,868.3117065429688,180.876220703125,1030.274169921875,253.15785217285156,0.970963716506958
111,669.6986694335938,171.64016723632812,731.4761352539062,221.81761169433594,0.9590860605239868
111,808.8256225585938,175.01943969726562,879.3290405273438,203.16969299316406,0.9274736642837524
111,627.8411865234375,174.081298828125,656.4752807617188,196.9281768798828,0.9006396532058716
112,711.4840698242188,181.6877899169922,805.5677490234375,246.7689666748047,0.9615410566329956
112,854.8671875,180.1888885498047,1001.4049682617188,247.63392639160156,0.9244508743286133
112,666.6031494140625,172.0063018798828,725.251953125,219.64468383789062,0.9080454111099243
112,806.2749633789062,175.03810119628906,876.3480224609375,202.98394775390625,0.8935569524765015
112,626.8590087890625,174.07943725585938,654.6712646484375,196.06382751464844,0.7019504308700562
113,705.6082763671875,181.29441833496094,791.6317138671875,242.79046630859375,0.960120439529419
113,840.4263305664062,179.9174041748047,974.9970092773438,243.44215393066406,0.9379463791847229
113,663.640625,171.7206268310547,720.287109375,217.02789306640625,0.9241763949394226
113,625.4705810546875,174.17050170898438,652.0753784179688,195.2799835205078,0.8879261016845703
113,805.0217895507812,175.46124267578125,870.3272705078125,202.52593994140625,0.839343786239624
114,829.6494750976562,179.13824462890625,950.7407836914062,239.1385955810547,0.9692285060882568
114,699.2586059570312,181.1895751953125,780.0725708007812,238.46377563476562,0.966725766658783
114,659.6000366210938,171.68106079101562,715.658935546875,215.90499877929688,0.8989025354385376
114,801.99951171875,175.88583374023438,869.357666015625,202.33538818359375,0.8209284543991089
114,624.572998046875,174.18243408203125,650.1450805664062,194.61253356933594,0.7665027976036072
115,695.3296508789062,180.55996704101562,768.6203002929688,234.5608673095703,0.9574581980705261
115,818.1799926757812,178.31507873535156,931.1192626953125,234.8385467529297,0.9356589317321777
115,656.876708984375,171.649169921875,711.2135009765625,214.28575134277344,0.9192448854446411
115,623.0125732421875,174.2777557373047,647.8839111328125,194.38291931152344,0.809985876083374
115,801.3121948242188,175.8938446044922,869.3079833984375,201.82362365722656,0.7564624547958374
116,690.00537109375,179.82582092285156,759.22998046875,230.90504455566406,0.96500563621521
116,807.5416870117188,177.97225952148438,913.783447265625,232.0150909423828,0.9644659161567688
116,654.3751831054688,171.70217895507812,705.7772216796875,212.39669799804688,0.8844843506813049
116,621.750244140625,174.55113220214844,645.7119140625,193.65631103515625,0.7696730494499207
116,801.841552734375,176.1315155029297,864.5663452148438,202.0736846923828,0.7390385270118713
117,797.7969360351562,177.40272521972656,897.5293579101562,229.25242614746094,0.9227579236030579
117,685.9791870117188,180.0191650390625,749.0814819335938,227.63331604003906,0.9088319540023804
117,651.5630493164062,172.48184204101562,700.8522338867188,210.9566192626953,0.8187342882156372
117,801.6847534179688,176.4158477783203,864.1619873046875,202.32423400878906,0.7528855204582214
117,619.1923828125,174.49745178222656,644.144775390625,193.3879852294922,0.6275395154953003
118,790.2063598632812,177.17343139648438,881.6226196289062,226.21397399902344,0.9590552449226379
118,681.2735595703125,179.35716247558594,741.0948486328125,225.08419799804688,0.9258964657783508
118,800.3867797851562,176.28794860839844,864.3170166015625,202.88137817382812,0.8698917627334595
118,649.7802734375,172.7318572998047,696.8033447265625,209.61859130859375,0.8265988826751709
118,617.7696533203125,174.12063598632812,642.1556396484375,192.404541015625,0.6071649789810181
119,780.9388427734375,177.28956604003906,867.2887573242188,223.4033966064453,0.958482027053833
119,677.3717041015625,178.9003448486328,734.2210693359375,222.70538330078125,0.9336841702461243
119,648.4241943359375,172.79736328125,691.8809814453125,208.68338012695312,0.8988704681396484
119,799.2574462890625,176.04249572753906,864.9354858398438,203.13479614257812,0.8049278855323792
119,616.0974731445312,174.0252685546875,640.0250854492188,192.33274841308594,0.6304948329925537
120,674.1531982421875,178.86660766601562,726.9136962890625,220.0774383544922,0.8931788206100464
120,774.434326171875,175.92233276367188,854.1219482421875,221.50344848632812,0.88936847448349
120,646.098388671875,172.42926025390625,689.774658203125,207.4558563232422,0.816001832485199
120,798.80859375,175.09828186035156,866.2655029296875,204.03131103515625,0.7593499422073364
120,614.2251586914062,174.10946655273438,638.009033203125,191.86712646484375,0.7107993364334106
121,766.8779907226562,176.25621032714844,843.1251831054688,219.06887817382812,0.9477894902229309
121,669.8595581054688,178.36708068847656,721.5340576171875,217.59080505371094,0.9252339601516724
121,644.3746948242188,172.47560119628906,685.6648559570312,206.6023712158203,0.9205260872840881
121,798.3772583007812,175.24673461914062,868.6773071289062,203.16151428222656,0.779477059841156
121,612.53125,173.8114013671875,636.302001953125,191.40420532226562,0.5800727009773254
122,642.5563354492188,173.30735778808594,681.3831787109375,205.55226135253906,0.9337611794471741
122,760.7976684570312,176.28504943847656,832.6615600585938,217.11842346191406,0.9283342361450195
122,666.570556640625,178.0662078857422,716.725830078125,216.2067413330078,0.9221188426017761
122,801.9758911132812,175.49923706054688,868.1775512695312,202.65020751953125,0.7965809106826782
122,611.5431518554688,173.50611877441406,635.1962890625,190.9541778564453,0.7958245277404785
123,754.3343505859375,176.459228515625,822.7921752929688,215.81040954589844,0.87846839427948
123,801.9845581054688,175.38400268554688,868.8829345703125,202.76100158691406,0.8712086081504822
123,640.7720336914062,173.1748504638672,677.43994140625,203.98594665527344,0.8585450053215027
123,664.0330810546875,177.8806915283203,710.6519165039062,214.6096954345703,0.8310473561286926
123,610.8182373046875,173.314697265625,633.5589599609375,190.20535278320312,0.7461137771606445
124,801.220458984375,175.19903564453125,868.9331665039062,202.8491668701172,0.8681210875511169
124,638.6512451171875,173.26861572265625,675.3641357421875,203.22032165527344,0.8548089861869812
124,747.5508422851562,176.32290649414062,814.341552734375,213.6646270751953,0.8312799334526062
124,660.7734985351562,177.78504943847656,706.2844848632812,212.15220642089844,0.7126798629760742
124,610.4535522460938,173.23814392089844,632.3919677734375,190.11778259277344,0.5381154417991638
125,742.2088012695312,176.61668395996094,805.6570434570312,212.3279266357422,0.9205113649368286
125,799.1566772460938,175.1707000732422,869.0638427734375,202.95010375976562,0.8298606276512146
125,657.909912109375,177.84231567382812,701.4887084960938,211.18121337890625,0.8287448883056641
125,636.2972412109375,173.0154571533203,672.8908081054688,202.64398193359375,0.7579814791679382
125,609.1312255859375,173.15419006347656,630.9676513671875,189.7711944580078,0.6716314554214478
126,655.7694091796875,176.9950408935547,697.0714111328125,209.88946533203125,0.9276781678199768
126,737.6953735351562,176.28521728515625,797.748291015625,210.6656494140625,0.9263914227485657
126,799.3571166992188,174.93905639648438,868.686279296875,203.00579833984375,0.8681430220603943
126,635.172119140625,173.02352905273438,668.210693359375,200.78172302246094,0.6810570359230042
126,608.2272338867188,173.00489807128906,630.0226440429688,189.7090301513672,0.5857913494110107
127,652.7564086914062,176.26979064941406,693.5999145507812,209.0050811767578,0.9352624416351318
127,732.4501342773438,176.0931854248047,790.1763916015625,209.46617126464844,0.8859590291976929
127,799.2855224609375,174.94601440429688,868.612060546875,203.00962829589844,0.8809353113174438
127,633.5097045898438,172.4682159423828,665.0929565429688,199.74783325195312,0.8634567260742188
127,606.9840087890625,173.4897003173828,628.7037353515625,189.71290588378906,0.41858577728271484
128,727.6666259765625,175.6996612548828,783.3095092773438,208.76931762695312,0.9236785173416138
128,650.6465454101562,176.3900909423828,689.9847412109375,208.0308380126953,0.9174245595932007
128,799.4165649414062,174.96157836914062,868.5308227539062,202.9003448486328,0.8762534260749817
128,632.6021728515625,172.71934509277344,661.955078125,199.10873413085938,0.8293330669403076
129,799.48388671875,174.96498107910156,868.5792236328125,202.81985473632812,0.8615401387214661
129,630.6473388671875,172.5660858154297,660.2861328125,198.33029174804688,0.8433113098144531
129,722.422607421875,175.5431671142578,776.7582397460938,207.7769317626953,0.7183713316917419
129,648.9490966796875,176.18333435058594,685.8037109375,206.11036682128906,0.5870469808578491
130,718.8635864257812,175.3105926513672,769.99462890625,205.8822479248047,0.8910177946090698
130,799.6074829101562,174.9161834716797,868.421630859375,202.84414672851562,0.8626176118850708
130,646.7189331054688,176.02731323242188,683.108642578125,205.61810302734375,0.8584369421005249
130,629.3404541015625,172.62852478027344,658.2238159179688,197.60494995117188,0.726830780506134
131,714.5209350585938,175.5093536376953,763.9095458984375,205.27491760253906,0.9186909794807434
131,645.0133666992188,175.93045043945312,679.9762573242188,204.5377655029297,0.9183289408683777
131,799.1356811523438,174.9339141845703,868.5441284179688,202.84713745117188,0.8957493901252747
131,628.2506103515625,172.4873504638672,656.7027587890625,197.19175720214844,0.8555917143821716
132,710.7368774414062,175.24256896972656,758.23828125,204.5003662109375,0.9090786576271057
132,799.362060546875,175.19931030273438,868.2991333007812,202.71664428710938,0.899167537689209
132,627.3466186523438,172.4847412109375,655.6898803710938,196.7452850341797,0.8012819290161133
132,642.91748046875,176.3065185546875,676.1650390625,203.81182861328125,0.6897070407867432
133,641.3810424804688,175.88986206054688,674.3530883789062,203.1757354736328,0.9300854206085205
133,799.9293823242188,175.66061401367188,867.3394165039062,202.79708862304688,0.9171262383460999
133,707.48583984375,175.2318878173828,752.5996704101562,203.35841369628906,0.7940657734870911
133,626.05712890625,172.5674285888672,653.7319946289062,196.07366943359375,0.6213643550872803
134,798.8123168945312,175.72409057617188,866.9611206054688,202.51007080078125,0.9219294190406799
134,703.0350341796875,175.45010375976562,747.5073852539062,202.4456024169922,0.8492481112480164
134,639.7987670898438,175.74343872070312,671.128662109375,201.85040283203125,0.8002604842185974
134,624.59765625,172.32093811035156,652.6685180664062,195.76547241210938,0.7010534405708313
135,797.9625854492188,176.13328552246094,866.2198486328125,202.5203857421875,0.8952760696411133
135,637.74658203125,175.4360809326172,668.7427978515625,201.21913146972656,0.8516997694969177
135,700.2656860351562,175.3251495361328,742.33251953125,201.80213928222656,0.8479267358779907
135,623.0206909179688,172.78526306152344,650.8817749023438,195.06692504882812,0.46717342734336853
136,797.38525390625,176.58851623535156,866.068359375,202.44091796875,0.8450067639350891
136,696.7059936523438,175.06764221191406,737.706298828125,201.20901489257812,0.8378734588623047
136,636.3634643554688,175.425537109375,666.38818359375,200.45327758789062,0.7457493543624878
136,622.5724487304688,172.22808837890625,648.4758911132812,194.0638427734375,0.6654239892959595
137,799.1903686523438,176.82179260253906,864.2305908203125,201.23207092285156,0.9017537832260132
137,621.4200439453125,172.53822326660156,647.0208129882812,193.4875030517578,0.7274348139762878
137,694.0320434570312,175.08714294433594,733.0996704101562,200.59210205078125,0.6972365975379944
137,634.4026489257812,175.9409942626953,664.5095825195312,199.4704132080078,0.6262302398681641
138,801.4269409179688,176.13893127441406,862.2754516601562,202.01048278808594,0.8489246964454651
138,620.8260498046875,172.314208984375,645.6006469726562,193.17770385742188,0.6492756009101868
138,633.6127319335938,175.8673553466797,661.359619140625,198.50474548339844,0.6414993405342102
138,691.2083129882812,174.6209716796875,729.7301025390625,199.79750061035156,0.5984060764312744
139,797.4998779296875,171.7838592529297,867.0862426757812,207.10577392578125,0.9088205099105835
139,632.2439575195312,175.63876342773438,659.308837890625,197.80931091308594,0.8195255398750305
139,619.0333251953125,172.26385498046875,644.10498046875,192.65785217285156,0.7504788637161255
139,687.90185546875,174.70257568359375,725.5322875976562,199.35496520996094,0.7121695876121521
140,773.8324584960938,161.508544921875,875.4217529296875,226.333984375,0.9234504103660583
140,685.1112670898438,174.87567138671875,722.0992431640625,198.66552734375,0.8577601909637451
140,617.3765258789062,172.2101287841797,642.1730346679688,192.36856079101562,0.7174962162971497
140,630.4881591796875,174.79354858398438,657.301025390625,197.34536743164062,0.6830693483352661
141,682.2921752929688,174.57815551757812,718.5477905273438,197.99343872070312,0.8965886235237122
141,765.6095581054688,160.12635803222656,861.0941162109375,226.0074920654297,0.8862290382385254
141,629.021728515625,174.83062744140625,655.3126220703125,196.4480438232422,0.8858689069747925
141,801.3302612304688,173.97064208984375,862.835693359375,203.9948272705078,0.6953513026237488
141,615.6885986328125,172.12612915039062,640.7891845703125,192.1972198486328,0.5225391387939453
142,679.7530517578125,174.71510314941406,715.1250610351562,197.3443603515625,0.8937470316886902
142,759.1585693359375,161.39645385742188,848.62939453125,223.6714630126953,0.8012169599533081
142,627.84423828125,174.89657592773438,653.9403076171875,195.8664093017578,0.7359079122543335
142,806.7220458984375,174.65676879882812,866.9845581054688,204.62242126464844,0.5688369870185852
142,792.5032348632812,173.8124542236328,849.209228515625,205.58396911621094,0.5387037992477417
142,615.412841796875,172.25863647460938,640.6859130859375,192.26974487304688,0.5132773518562317
143,805.7240600585938,175.75013732910156,867.5760498046875,203.67709350585938,0.8119933009147644
143,626.998046875,174.58863830566406,652.3356323242188,195.55128479003906,0.8096355199813843
143,752.8045043945312,162.4019012451172,835.9384155273438,221.0321044921875,0.7327435612678528
143,677.86181640625,174.91848754882812,711.1600341796875,196.5424041748047,0.6155701279640198
143,614.5535888671875,172.63291931152344,639.6234741210938,192.2354278564453,0.6139324307441711
144,675.5411987304688,174.08021545410156,708.8206176757812,196.06942749023438,0.90288907289505
144,804.5924682617188,175.84698486328125,867.948974609375,203.2623748779297,0.8833911418914795
144,625.911376953125,175.3141326904297,650.1596069335938,194.5953826904297,0.8456319570541382
144,746.8619995117188,161.37704467773438,825.3816528320312,218.65841674804688,0.7146771550178528
144,613.95263671875,172.72137451171875,638.1644897460938,191.9852752685547,0.5191274285316467
145,673.1012573242188,174.15505981445312,705.8631591796875,195.43057250976562,0.8875560164451599
145,802.1246337890625,175.7104949951172,868.0670166015625,203.2826690673828,0.8580797910690308
145,740.3824462890625,162.96041870117188,815.186767578125,216.7652130126953,0.7314996123313904
145,625.0827026367188,175.39808654785156,648.603759765625,193.99940490722656,0.5479159355163574
146,800.7770385742188,175.49705505371094,867.3232421875,203.507568359375,0.839895486831665
146,735.048095703125,163.6305694580078,805.3948364257812,215.0508270263672,0.8009227514266968
146,622.9822387695312,175.0204620361328,646.328125,193.50767517089844,0.7171639800071716
146,671.1781005859375,174.482421875,702.2328491210938,195.01895141601562,0.5891677737236023
147,799.3760375976562,175.44056701660156,867.4393310546875,203.55836486816406,0.9245374202728271
147,668.7824096679688,174.16290283203125,699.868408203125,194.63719177246094,0.8452737927436829
147,730.9931030273438,164.1923065185547,796.5578002929688,212.78216552734375,0.7156166434288025
147,621.6450805664062,175.47630310058594,644.6384887695312,192.7421875,0.5396262407302856
148,799.048095703125,175.3907470703125,867.19091796875,203.52456665039062,0.9404616951942444
148,666.7449340820312,174.0822296142578,696.7482299804688,193.9850311279297,0.7481067180633545
148,620.6806640625,175.48655700683594,643.6030883789062,192.6886749267578,0.5662513375282288
148,726.3276977539062,164.24632263183594,788.90087890625,211.56178283691406,0.5270777344703674
149,798.7977905273438,175.11180114746094,866.3350830078125,203.12942504882812,0.9422734379768372
149,721.4043579101562,163.801513671875,781.4185180664062,209.46510314941406,0.795200765132904
149,619.7623291015625,174.5490264892578,641.8994750976562,192.1276397705078,0.5224800109863281
149,664.5943603515625,174.3361053466797,693.1851806640625,193.52542114257812,0.47843578457832336
150,798.4000854492188,175.28683471679688,866.0328369140625,203.18898010253906,0.9450684189796448
150,717.0094604492188,163.91421508789062,774.0311889648438,208.4930419921875,0.6527213454246521
150,662.92626953125,174.4924774169922,691.5155639648438,193.25808715820312,0.6126793026924133
150,618.5008544921875,174.69692993164062,640.6051635742188,191.5874481201172,0.5947213768959045
151,797.6416625976562,175.36453247070312,865.4277954101562,203.1846160888672,0.9226353764533997
151,712.84521484375,164.43028259277344,768.3500366210938,207.47483825683594,0.7571525573730469
151,660.8172607421875,174.1688232421875,688.837158203125,192.64080810546875,0.574660062789917
151,616.8512573242188,174.3197479248047,639.6015014648438,191.33213806152344,0.5494446754455566
152,708.8551635742188,164.6116943359375,761.8090209960938,206.26058959960938,0.8584347367286682
152,796.5623168945312,175.41075134277344,863.9276123046875,203.3253936767578,0.8509456515312195
152,659.6422729492188,173.83644104003906,686.8601684570312,192.41481018066406,0.7858889102935791
152,616.172607421875,174.4706573486328,638.2469482421875,190.63014221191406,0.6818671822547913
153,795.73486328125,175.1769561767578,863.2079467773438,203.03665161132812,0.9383007884025574
153,704.8104248046875,164.63124084472656,756.3571166992188,205.61093139648438,0.7927941679954529
153,657.5369262695312,173.92904663085938,684.0581665039062,191.94491577148438,0.7624355554580688
153,615.8574829101562,174.48878479003906,636.568603515625,190.0735321044922,0.6212626695632935
154,794.439697265625,175.1735382080078,861.9995727539062,202.9502716064453,0.9397689700126648
154,656.0862426757812,173.93739318847656,682.03662109375,191.77879333496094,0.8446398377418518
154,701.4202270507812,165.32586669921875,750.8839111328125,204.36203002929688,0.6915667057037354
154,615.7136840820312,174.51641845703125,635.5781860351562,189.67080688476562,0.5001285076141357
154,511.4842529296875,169.6365509033203,527.5407104492188,183.67727661132812,0.4269763231277466
155,793.1826171875,175.0122528076172,861.2445678710938,202.6826171875,0.8845518827438354
155,654.48046875,173.63771057128906,679.535888671875,191.13217163085938,0.7732182741165161
155,698.0828247070312,165.5069580078125,746.4335327148438,203.94981384277344,0.7487969994544983
155,511.0107727050781,169.6797637939453,527.1290893554688,183.65028381347656,0.48216375708580017
155,613.1793823242188,173.91372680664062,633.549560546875,189.90774536132812,0.4235818088054657
156,791.8605346679688,174.8991241455078,859.8011474609375,203.04443359375,0.9218549132347107
156,653.11083984375,173.70960998535156,677.5036010742188,190.97796630859375,0.8808780908584595
156,694.05810546875,166.08602905273438,741.06103515625,202.8972625732422,0.7859852910041809
156,510.0968933105469,169.662109375,526.7034301757812,183.7495880126953,0.4425990879535675
157,790.5536499023438,174.90220642089844,858.290283203125,203.29058837890625,0.9379132390022278
157,690.9564208984375,166.35159301757812,736.7828369140625,202.3108367919922,0.7013473510742188
157,651.9132080078125,173.68634033203125,674.837158203125,190.66064453125,0.6179428100585938
157,509.60357666015625,169.48196411132812,526.5121459960938,184.1848602294922,0.5334239602088928
158,788.4031982421875,174.72889709472656,855.0913696289062,203.3975372314453,0.9273272752761841
158,650.4591674804688,173.3761444091797,673.386962890625,190.19625854492188,0.8908005356788635
158,688.0653076171875,166.3834228515625,733.277587890625,201.8677520751953,0.6595297455787659
158,509.1583251953125,169.4018096923828,525.8855590820312,184.29769897460938,0.5410197973251343
159,786.8839111328125,175.06068420410156,852.4821166992188,203.25254821777344,0.8837379813194275
159,649.5757446289062,173.37193298339844,671.2489624023438,190.00352478027344,0.7724367380142212
159,685.3244018554688,166.8462371826172,728.8741455078125,201.14056396484375,0.6631879210472107
159,508.34625244140625,169.12940979003906,525.3032836914062,184.4409942626953,0.5680097341537476
160,784.5823364257812,175.04563903808594,849.4935302734375,203.23175048828125,0.9365492463111877
160,647.9443969726562,172.9911651611328,669.4075927734375,189.46388244628906,0.8562495112419128
160,682.8436279296875,166.30734252929688,724.56689453125,200.306884765625,0.7553311586380005
160,507.7449645996094,168.98744201660156,525.2392578125,184.77523803710938,0.4729103744029999
161,782.0357666015625,175.16799926757812,846.1400146484375,202.901611328125,0.9102838635444641
161,680.0279541015625,166.64523315429688,721.1622314453125,199.21875,0.851868212223053
161,646.7355346679688,173.18316650390625,667.2293701171875,189.0937957763672,0.8378090858459473
161,506.83380126953125,169.63595581054688,524.72265625,184.5137939453125,0.45521247386932373
162,677.9685668945312,167.0776824951172,717.5340576171875,198.39512634277344,0.8597829341888428
162,779.9142456054688,175.39926147460938,843.1841430664062,202.79193115234375,0.7729595899581909
162,645.3748779296875,172.91567993164062,665.2263793945312,188.62974548339844,0.7654471397399902
162,506.2415771484375,169.8218231201172,524.0992431640625,184.50721740722656,0.6044524312019348
163,776.794189453125,175.25820922851562,839.9111328125,202.8333740234375,0.9021762609481812
163,644.2963256835938,173.1715850830078,663.954345703125,188.61416625976562,0.8758299350738525
163,676.2855834960938,166.9247589111328,714.0005493164062,197.85360717773438,0.7618622183799744
163,505.47991943359375,169.74673461914062,523.5781860351562,184.6150665283203,0.6655052304267883
164,774.1724243164062,174.9905242919922,836.0588989257812,202.6358642578125,0.9150770306587219
164,673.7510986328125,166.9246368408203,711.222900390625,197.4644012451172,0.8993526101112366
164,643.0065307617188,173.420166015625,662.2001953125,188.28146362304688,0.7432356476783752
164,504.5450134277344,169.55596923828125,522.8759155273438,184.65115356445312,0.65281742811203
165,770.8524780273438,174.9588623046875,832.5661010742188,202.2852020263672,0.9101454615592957
165,671.5836181640625,166.8427734375,708.5733642578125,196.91505432128906,0.8696954250335693
165,641.4302978515625,173.1223602294922,660.0750732421875,187.9207305908203,0.8062945604324341
165,503.72857666015625,169.42169189453125,522.2732543945312,185.00502014160156,0.5770698189735413
166,768.2483520507812,175.0546112060547,828.2211303710938,202.2438201904297,0.9058491587638855
166,640.2291870117188,173.1800994873047,658.911865234375,187.80946350097656,0.8211677670478821
166,669.42236328125,167.34107971191406,705.299560546875,196.56533813476562,0.7559472322463989
166,503.08746337890625,168.97250366210938,521.9003295898438,185.42459106445312,0.4256156086921692
167,667.44384765625,167.57388305664062,702.0010375976562,195.8197784423828,0.8971204161643982
167,764.3750610351562,174.95814514160156,824.3848876953125,201.8905029296875,0.8968413472175598
167,502.1730651855469,169.81640625,520.792724609375,185.49935913085938,0.6649583578109741
167,639.2901000976562,173.6314697265625,657.5126342773438,187.44862365722656,0.5044760704040527
168,761.0179443359375,174.86538696289062,820.1691284179688,201.88897705078125,0.8867013454437256
168,665.7733764648438,167.3029327392578,699.2665405273438,195.25538635253906,0.8112083077430725
168,637.9138793945312,173.5991973876953,655.9984130859375,187.42144775390625,0.7565460801124573
168,501.4446716308594,169.31146240234375,520.33544921875,185.58978271484375,0.7356535792350769
169,757.2194213867188,174.72003173828125,815.2948608398438,201.71383666992188,0.8821744918823242
169,664.4241333007812,167.28961181640625,696.3547973632812,194.62124633789062,0.8511315584182739
169,637.2321166992188,173.8048553466797,655.1548461914062,187.1697235107422,0.7773339748382568
169,500.4996643066406,169.49822998046875,519.7660522460938,186.0135040283203,0.7700130939483643
170,753.2102661132812,174.43565368652344,811.3977661132812,201.48854064941406,0.8466873168945312
170,662.5795288085938,166.9231414794922,693.8579711914062,194.14358520507812,0.8226683139801025
170,499.9141845703125,169.17446899414062,519.0079956054688,186.25318908691406,0.7770065665245056
170,635.7153930664062,173.8483428955078,653.7012329101562,186.93902587890625,0.5278078317642212
171,749.302490234375,174.25218200683594,807.8914794921875,201.4435272216797,0.8225453495979309
171,660.5764770507812,167.06265258789062,691.6549072265625,193.76220703125,0.7602213621139526
171,498.9890441894531,168.8928985595703,518.5872802734375,186.51846313476562,0.6487159729003906
171,634.667724609375,173.63162231445312,652.02294921875,186.76756286621094,0.560323178768158
172,745.7621459960938,174.38401794433594,803.4005126953125,201.02870178222656,0.7506653070449829
172,658.8241577148438,166.9403533935547,689.3263549804688,193.16748046875,0.6419712901115417
172,498.26446533203125,169.3997344970703,517.7255249023438,186.44004821777344,0.6384490132331848
172,633.1785278320312,173.65509033203125,650.9519653320312,186.6674346923828,0.5760712027549744
173,742.0255126953125,174.5471649169922,798.1553344726562,200.9678955078125,0.7651162147521973
173,497.458251953125,169.29052734375,516.9496459960938,186.58224487304688,0.7627178430557251
173,657.1070556640625,167.08758544921875,687.2330322265625,192.9783935546875,0.5842854380607605
173,632.6445922851562,173.68260192871094,650.3790283203125,186.554931640625,0.4439186751842499
174,496.6405029296875,169.53416442871094,516.0165405273438,186.70166015625,0.7513543367385864
174,739.00390625,174.59356689453125,793.1412353515625,200.09915161132812,0.7304172515869141
174,656.5780029296875,166.53106689453125,684.0836181640625,192.42977905273438,0.6416276693344116
175,734.79931640625,174.58547973632812,788.9287109375,200.12815856933594,0.7167572379112244
175,495.60504150390625,169.1051483154297,515.67236328125,186.94976806640625,0.6268869042396545
175,654.7660522460938,166.8131866455078,681.846435546875,192.32765197753906,0.5562965869903564
176,732.1561279296875,174.6005859375,784.1632080078125,199.8178253173828,0.7863454222679138
176,653.042236328125,167.0493621826172,680.3019409179688,191.65457153320312,0.7069783806800842
177,728.0189819335938,174.56788635253906,779.5657958984375,199.6145477294922,0.7980390191078186
177,651.8262939453125,167.44252014160156,678.1282348632812,191.2747344970703,0.7221161127090454
177,493.50579833984375,169.1641387939453,514.7634887695312,187.52330017089844,0.4741968512535095
178,725.3715209960938,174.5105743408203,774.4661254882812,199.8625946044922,0.7599995136260986
178,650.1658325195312,167.75401306152344,676.3562622070312,190.96896362304688,0.6471814513206482
178,492.5632629394531,168.80181884765625,514.3924560546875,187.80978393554688,0.4913233816623688
179,648.282958984375,168.60069274902344,674.33740234375,191.51292419433594,0.675697922706604
179,721.4794921875,175.34739685058594,770.048095703125,200.11618041992188,0.6308135390281677
180,718.4581909179688,175.69627380371094,765.8228759765625,200.1027069091797,0.7433784604072571
180,646.8099975585938,169.00802612304688,671.962158203125,191.11932373046875,0.5248009562492371
181,714.9339599609375,175.93714904785156,761.3167114257812,199.58529663085938,0.6598812341690063
181,645.9237060546875,169.2554931640625,670.3831176757812,190.7690887451172,0.6191387176513672
182,711.7581176757812,175.9951934814453,757.1290283203125,199.43267822265625,0.6355592608451843
182,645.0941162109375,169.26051330566406,668.038330078125,190.01731872558594,0.5275415182113647
183,708.4911499023438,175.998291015625,752.68017578125,198.5057373046875,0.6991685032844543
183,644.042724609375,169.21267700195312,666.2369384765625,189.7505645751953,0.6564138531684875
184,706.0867919921875,176.2967529296875,748.8336181640625,198.38697814941406,0.7002437114715576
184,642.8894653320312,169.35043334960938,664.6126708984375,189.69427490234375,0.6792591214179993
185,703.1289672851562,176.4112548828125,745.1242065429688,198.2966766357422,0.6650099158287048
185,642.0115356445312,169.44094848632812,662.6388549804688,189.41651916503906,0.5285422801971436
186,640.4396362304688,170.80047607421875,661.1893310546875,189.8749542236328,0.7858626842498779
186,700.4064331054688,177.18020629882812,741.0745849609375,198.7057342529297,0.7550708651542664
187,639.3328247070312,172.5327911376953,658.9868774414062,191.05836486816406,0.8364021182060242
187,697.985107421875,178.30299377441406,737.3916625976562,199.76531982421875,0.716209888458252
188,637.9175415039062,173.45860290527344,656.8800048828125,192.662109375,0.6021780967712402
188,694.790771484375,180.4179229736328,733.0773315429688,201.52438354492188,0.573384702205658
189,692.565185546875,181.44415283203125,729.26708984375,202.58389282226562,0.736111044883728
189,635.7454833984375,174.9713592529297,654.7685546875,193.47930908203125,0.6327433586120605
190,689.4428100585938,181.59115600585938,725.5357666015625,202.74147033691406,0.8306152820587158
190,633.7928466796875,175.42222595214844,653.3611450195312,194.14352416992188,0.7050208449363708
191,686.1361694335938,181.206787109375,721.662353515625,202.78819274902344,0.8297225832939148
191,631.7282104492188,175.2555694580078,650.5028076171875,193.6708984375,0.6786318421363831
192,682.5611572265625,181.46627807617188,717.7415161132812,202.2381591796875,0.7764998078346252
192,629.6797485351562,175.17666625976562,647.9539794921875,193.5220489501953,0.7553701400756836
193,679.7760009765625,181.6042022705078,713.6913452148438,202.50669860839844,0.8255636096000671
193,626.2340698242188,175.3878631591797,645.5430908203125,193.9014129638672,0.7159384489059448
194,676.7291870117188,182.3775177001953,710.1704711914062,202.748779296875,0.8655046820640564
194,624.0481567382812,176.17474365234375,642.2823486328125,194.04116821289062,0.6536246538162231
195,672.8688354492188,182.6743621826172,706.0684814453125,203.2706756591797,0.8887385129928589
195,621.3052368164062,176.987060546875,639.4796142578125,194.48997497558594,0.8540171980857849
196,669.0629272460938,184.19264221191406,701.7150268554688,203.92254638671875,0.8785669207572937
196,618.4274291992188,177.80606079101562,637.5377197265625,195.89871215820312,0.7139393091201782
197,665.536865234375,184.93898010253906,697.8582763671875,204.39967346191406,0.7967153787612915
197,615.4840698242188,179.03651428222656,633.09716796875,196.504150390625,0.508234977722168
198,661.7766723632812,186.1632843017578,692.8646850585938,205.49354553222656,0.7976719737052917
199,657.9950561523438,186.2327880859375,688.8228149414062,206.22023010253906,0.8687834143638611
199,609.5147094726562,180.99172973632812,626.52099609375,197.83468627929688,0.5759256482124329
200,654.2083740234375,186.1448211669922,684.4485473632812,206.40675354003906,0.8787054419517517
200,606.5057983398438,182.411865234375,622.910400390625,197.9566192626953,0.7283661961555481
201,650.920654296875,186.3368377685547,679.67578125,206.05592346191406,0.8635336756706238
201,602.2769775390625,181.96212768554688,619.4523315429688,197.90020751953125,0.6352962255477905
202,646.2450561523438,185.68597412109375,675.7918701171875,205.22576904296875,0.602760374546051
202,597.4888916015625,180.9391326904297,614.705322265625,196.55145263671875,0.5836266875267029
203,643.0997314453125,184.74917602539062,672.260986328125,203.64492797851562,0.8525676727294922
203,593.6402587890625,179.78836059570312,611.103271484375,195.85203552246094,0.4444543421268463
204,640.25537109375,183.6929168701172,668.2213745117188,202.34532165527344,0.8972746133804321
205,637.3696899414062,182.27500915527344,665.7786865234375,201.0068359375,0.6146491765975952
205,588.1727905273438,177.01705932617188,605.8162231445312,193.2871551513672,0.45960476994514465
206,635.9219360351562,181.0384063720703,664.4700927734375,199.85926818847656,0.8686343431472778
206,586.0003051757812,176.4290771484375,603.7316284179688,192.03053283691406,0.5853407382965088
207,634.7130126953125,180.41510009765625,662.6073608398438,199.1122283935547,0.7633624076843262
207,586.3355102539062,176.254638671875,602.5849609375,191.67385864257812,0.40717801451683044
208,634.8528442382812,179.20692443847656,661.9509887695312,198.16690063476562,0.6177851557731628
208,586.0892333984375,175.521240234375,603.0108032226562,189.94419860839844,0.4205571711063385
209,635.4083862304688,178.9029541015625,662.0078735351562,197.42431640625,0.7267022728919983
210,637.2472534179688,179.34068298339844,663.6112670898438,197.23544311523438,0.8389046788215637
211,639.8364868164062,178.87289428710938,666.8438110351562,197.54507446289062,0.8105626702308655
212,643.9450073242188,178.83168029785156,671.20849609375,196.96429443359375,0.7128289341926575
213,650.9923706054688,178.97361755371094,677.2737426757812,196.94418334960938,0.594205915927887
214,660.1383666992188,179.53823852539062,685.2344360351562,197.25790405273438,0.8183521628379822
215,670.20947265625,179.06396484375,695.5136108398438,197.140380859375,0.48349860310554504
216,683.0160522460938,178.8590850830078,708.62841796875,195.36341857910156,0.593160092830658
217,698.5560302734375,177.6419677734375,722.543212890625,194.30438232421875,0.6630684733390808
218,714.6532592773438,176.5225830078125,740.38916015625,193.44818115234375,0.8709056973457336
219,734.4613647460938,175.57754516601562,759.074951171875,192.17930603027344,0.6032443046569824
220,756.6444702148438,173.8091583251953,780.8663940429688,190.16397094726562,0.679512619972229
221,779.642578125,171.5516815185547,805.4547729492188,188.88748168945312,0.6749677658081055
222,807.0999755859375,171.25994873046875,831.6426391601562,187.3600311279297,0.5459896922111511
223,835.162841796875,169.7694549560547,859.9328002929688,185.84225463867188,0.8088958263397217
224,864.056884765625,168.7154083251953,889.5852661132812,186.5246124267578,0.5058157444000244
225,896.1798095703125,169.51605224609375,921.7525024414062,186.8408966064453,0.6516183018684387
226,928.73486328125,166.44338989257812,961.0725708007812,187.77015686035156,0.5202303528785706
227,967.3006591796875,170.6107940673828,993.4822998046875,186.58001708984375,0.6900767087936401
228,1007.1978759765625,171.7655792236328,1037.0577392578125,188.96534729003906,0.7620186805725098
229,1049.2454833984375,168.95480346679688,1082.1295166015625,187.7945556640625,0.825218915939331
230,1096.44384765625,164.60818481445312,1129.1546630859375,184.09420776367188,0.830258846282959
231,1146.1820068359375,161.7303009033203,1179.8533935546875,181.09361267089844,0.7385453581809998
232,1199.6622314453125,157.07284545898438,1235.750732421875,177.8577423095703,0.7628523111343384
258,516.4474487304688,181.24757385253906,533.2987060546875,191.9612579345703,0.49946698546409607
259,515.5636596679688,181.44873046875,531.1904296875,192.13613891601562,0.4892834424972534
260,512.5755615234375,180.17825317382812,529.527099609375,191.0048065185547,0.5854765176773071
261,509.256103515625,177.36500549316406,525.3013305664062,188.32342529296875,0.6928579807281494
262,506.7851257324219,176.26742553710938,523.3766479492188,187.97830200195312,0.7845356464385986
263,503.9583435058594,177.2540740966797,519.4957885742188,188.77093505859375,0.6332567930221558
264,499.8876953125,176.37030029296875,517.2929077148438,188.444091796875,0.5642563700675964
265,496.4859313964844,175.0457763671875,514.8593139648438,187.37689208984375,0.7880530953407288
266,492.68310546875,171.8647003173828,510.37933349609375,184.9284210205078,0.7589339017868042
267,488.9642333984375,165.55845642089844,508.5146179199219,179.29832458496094,0.7056213021278381
268,484.3671875,158.7714080810547,503.9342346191406,173.6431121826172,0.8367462754249573
269,480.3890686035156,161.74253845214844,501.6865539550781,176.08799743652344,0.7844483852386475
