0,603.7649536132812,174.79953002929688,686.3717041015625,237.55050659179688,0.9337955117225647
0,347.3262023925781,180.5716094970703,391.3794250488281,208.396728515625,0.877233624458313
0,423.8387145996094,180.04156494140625,462.6679992675781,205.80995178222656,0.8707899451255798
1,414.8486328125,179.7832794189453,458.1979675292969,207.45579528808594,0.9351856708526611
1,600.3938598632812,175.4703369140625,679.6282958984375,236.7048797607422,0.905692994594574
1,337.7208251953125,180.33804321289062,383.5269775390625,209.5546417236328,0.6804161071777344
2,324.8154296875,181.30841064453125,376.2737731933594,212.441650390625,0.942245602607727
2,596.6402587890625,176.81077575683594,677.3701782226562,238.18116760253906,0.9061417579650879
2,404.2323913574219,181.49693298339844,453.0423583984375,210.45651245117188,0.8864652514457703
3,593.1732177734375,178.8048553466797,673.0360107421875,240.88027954101562,0.9062144756317139
3,311.02972412109375,183.2017364501953,366.5815734863281,216.5464630126953,0.904046893119812
3,391.0989990234375,182.49298095703125,446.2466735839844,216.5104217529297,0.7055625915527344
4,590.5484008789062,180.40475463867188,668.7035522460938,242.0504913330078,0.9168969988822937
4,376.6397705078125,184.50228881835938,436.3177185058594,220.08692932128906,0.9098109602928162
4,295.9425048828125,184.24562072753906,355.19451904296875,219.0312042236328,0.8896968960762024
5,588.43994140625,180.77703857421875,665.18701171875,241.61622619628906,0.9194303750991821
5,357.35699462890625,184.56727600097656,425.7938537597656,223.66455078125,0.8490248322486877
5,277.3199462890625,184.06640625,342.26324462890625,221.3292236328125,0.8402883410453796
6,586.3535766601562,181.17071533203125,661.65185546875,241.5181121826172,0.9278473854064941
6,254.39308166503906,183.95094299316406,328.5962829589844,225.82347106933594,0.8840689063072205
6,332.28900146484375,185.02798461914062,411.2936096191406,229.80381774902344,0.8412905931472778
7,299.4980163574219,187.4683837890625,393.54595947265625,237.57904052734375,0.9578774571418762
7,583.8295288085938,181.86988830566406,659.1190795898438,242.0473175048828,0.9310902953147888
7,226.0904541015625,186.376220703125,311.2017822265625,231.9585418701172,0.9244840145111084
8,582.2279052734375,182.77508544921875,656.975830078125,243.050048828125,0.9696696400642395
8,253.90953063964844,188.1409912109375,371.2943420410156,247.68716430664062,0.9569203853607178
8,194.49661254882812,187.69532775878906,288.4334411621094,237.8644561767578,0.9059051275253296
9,193.24325561523438,189.3525848388672,339.6278381347656,259.3780212402344,0.957991361618042
9,581.244384765625,182.24954223632812,654.5411987304688,242.37303161621094,0.9518346190452576
9,148.53173828125,188.5359649658203,260.5663757324219,243.30247497558594,0.8828577399253845
10,105.19125366210938,191.86032104492188,295.43798828125,274.02252197265625,0.9404032826423645
10,579.3209838867188,180.8563690185547,651.2935791015625,241.6003875732422,0.9310773015022278
10,94.55581665039062,188.46482849121094,220.03517150878906,247.236328125,0.8611562848091125
11,577.0577392578125,179.48614501953125,647.6087646484375,239.7382049560547,0.9500447511672974
11,3.325122117996216,192.48057556152344,227.49220275878906,302.126953125,0.9486672282218933
11,29.08401107788086,186.75543212890625,192.16818237304688,254.00643920898438,0.7471904158592224
12,574.501708984375,179.51161193847656,643.31201171875,239.3301544189453,0.9183617234230042
12,-2.2842822074890137,188.68975830078125,122.65534973144531,274.80950927734375,0.8168912529945374
12,-0.09825124591588974,192.08192443847656,134.33026123046875,349.6748046875,0.8026458024978638
13,571.6694946289062,179.49339294433594,640.6577758789062,239.37716674804688,0.9418801665306091
13,-1.266160011291504,193.30003356933594,43.74824905395508,286.6212463378906,0.6582193970680237
14,569.6785278320312,178.90895080566406,636.5169677734375,238.17025756835938,0.959612250328064
15,567.8953857421875,177.86830139160156,633.9274291992188,236.99932861328125,0.8986884951591492
16,565.8943481445312,176.34664916992188,630.5765991210938,234.26507568359375,0.9284856915473938
17,562.7156372070312,175.94769287109375,628.1635131835938,234.31796264648438,0.9639388918876648
18,560.2781982421875,176.37326049804688,626.0567626953125,235.49258422851562,0.9331009387969971
19,559.917236328125,176.445556640625,625.1756591796875,235.9219970703125,0.9531921148300171
20,559.059814453125,176.805419921875,623.8505859375,235.89544677734375,0.9398959279060364
21,559.4354858398438,176.8838653564453,623.0280151367188,236.12318420410156,0.9153294563293457
22,559.60546875,177.53919982910156,622.3411254882812,236.9949493408203,0.8924793601036072
23,560.2992553710938,177.5016326904297,622.9821166992188,237.28260803222656,0.9264189004898071
24,560.6849365234375,177.7682647705078,623.0242919921875,237.001953125,0.9273810982704163
25,561.3364868164062,176.77310180664062,623.2545776367188,235.37197875976562,0.9545725584030151
26,561.779541015625,175.41769409179688,624.4486694335938,234.29725646972656,0.9463536143302917
27,562.0455322265625,174.54299926757812,624.8499145507812,233.51841735839844,0.8934885859489441
28,564.1323852539062,173.67897033691406,625.6871948242188,231.5127410888672,0.9043501019477844
29,565.3591918945312,173.692626953125,626.5247802734375,231.0574951171875,0.9389981031417847
30,566.7467041015625,173.46194458007812,627.5902099609375,230.68896484375,0.9174820184707642
31,568.2161865234375,173.53506469726562,628.9615478515625,230.77561950683594,0.9373918175697327
32,569.6797485351562,175.23509216308594,630.3667602539062,232.9737548828125,0.949043333530426
33,570.8071899414062,176.11849975585938,631.0234375,232.71246337890625,0.9290357232093811
34,571.727783203125,177.00645446777344,632.3255004882812,233.72174072265625,0.9177600741386414
35,572.9324340820312,176.79026794433594,632.7222900390625,232.99539184570312,0.9636834263801575
36,574.0687866210938,176.01693725585938,633.78515625,231.7440643310547,0.9479170441627502
37,575.07763671875,174.67677307128906,634.2738037109375,230.04129028320312,0.9242177605628967
38,575.6792602539062,174.80519104003906,634.4879760742188,229.92579650878906,0.8791725039482117
39,576.8753662109375,175.23960876464844,635.1954956054688,230.16940307617188,0.8557187914848328
40,577.34814453125,175.9097137451172,635.5925903320312,231.34432983398438,0.9289483428001404
41,577.6658935546875,176.13336181640625,635.3671875,231.24851989746094,0.9306859970092773
42,578.2075805664062,176.70523071289062,635.4752197265625,231.01510620117188,0.9466890692710876
43,578.2432250976562,177.13739013671875,635.2044067382812,231.1052703857422,0.9503728747367859
44,578.499755859375,177.53268432617188,634.9646606445312,231.93209838867188,0.9593175053596497
45,578.1185302734375,178.21499633789062,634.9122924804688,233.1577911376953,0.9532372355461121
46,577.6099853515625,178.34130859375,635.0966186523438,233.1819610595703,0.9471081495285034
47,577.7841186523438,178.21803283691406,634.7711791992188,232.61013793945312,0.9496678709983826
48,577.268310546875,177.70211791992188,634.5799560546875,231.41207885742188,0.9253553152084351
49,576.5762939453125,178.1440887451172,633.5299072265625,231.54672241210938,0.9000803828239441
50,576.388916015625,179.07920837402344,633.3968505859375,232.87582397460938,0.9091518521308899
51,575.8458251953125,179.17355346679688,632.8115234375,233.1158905029297,0.9409215450286865
52,574.930419921875,178.70932006835938,631.7200927734375,232.49642944335938,0.9614958167076111
53,574.2616577148438,178.09457397460938,631.1428833007812,231.3448486328125,0.9553881287574768
54,572.8829345703125,177.7943878173828,629.492919921875,230.69740295410156,0.8843493461608887
55,572.6691284179688,176.804931640625,628.7547607421875,229.87786865234375,0.8690242767333984
56,571.528076171875,174.93296813964844,627.1036987304688,227.314208984375,0.9660214781761169
57,570.8309326171875,175.25694274902344,625.4518432617188,226.92129516601562,0.9063097238540649
58,569.4281005859375,177.5703887939453,624.3470458984375,229.8113250732422,0.9013640880584717
59,569.14697265625,181.13821411132812,622.9262084960938,233.51817321777344,0.8945595622062683
60,568.0001220703125,183.28564453125,622.1753540039062,235.29437255859375,0.9555898308753967
60,533.5895385742188,182.18545532226562,551.9982299804688,195.6074981689453,0.5189918279647827
61,566.04931640625,181.99937438964844,620.5935668945312,233.6556854248047,0.9029529690742493
61,530.2718505859375,181.2960968017578,550.0115356445312,194.62265014648438,0.4487161636352539
62,565.5259399414062,173.97430419921875,618.5051879882812,226.0033721923828,0.9369330406188965
62,526.9982299804688,172.99893188476562,546.0357666015625,187.28945922851562,0.5659435987472534
63,564.97705078125,169.5682830810547,617.270751953125,220.14401245117188,0.8715025782585144
63,523.4608764648438,169.9512481689453,543.2359008789062,184.21180725097656,0.7476071119308472
64,564.4749755859375,171.62171936035156,616.4921875,222.70626831054688,0.9201131463050842
64,519.5111083984375,172.6363983154297,540.4996948242188,187.96595764160156,0.6690554618835449
64,1058.0953369140625,166.05361938476562,1136.1090087890625,194.72702026367188,0.5570298433303833
65,564.576171875,176.12930297851562,616.4055786132812,227.3943634033203,0.9094781279563904
65,518.2244262695312,178.93658447265625,538.4598388671875,194.25001525878906,0.6984047293663025
65,1071.5699462890625,168.84071350097656,1152.619384765625,200.49830627441406,0.6904592514038086
66,564.3786010742188,179.20913696289062,616.1029663085938,230.24398803710938,0.8744168877601624
66,515.1973876953125,182.28721618652344,535.808349609375,198.29449462890625,0.8351820111274719
66,1088.199951171875,169.16064453125,1175.718994140625,202.92022705078125,0.7822583913803101
66,555.0521850585938,179.03712463378906,573.4263305664062,193.95526123046875,0.6556766629219055
67,562.7843017578125,178.74176025390625,616.2692260742188,229.4750518798828,0.8847894072532654
67,510.62298583984375,181.6154327392578,532.5864868164062,198.53269958496094,0.8658002614974976
67,1105.939697265625,169.72613525390625,1195.2913818359375,202.03480529785156,0.7303580641746521
67,553.5210571289062,179.35467529296875,571.0538330078125,193.552978515625,0.5719681978225708
68,562.970703125,176.57794189453125,616.0255126953125,226.9266357421875,0.8786836266517639
68,505.5581359863281,179.67030334472656,529.1731567382812,197.9930877685547,0.8399186730384827
68,551.7899780273438,177.33729553222656,570.8999633789062,193.17117309570312,0.7786875367164612
68,1124.580810546875,168.81349182128906,1216.224365234375,201.45645141601562,0.701643705368042
69,564.3102416992188,175.44200134277344,616.322998046875,225.721923828125,0.879509687423706
69,1146.3382568359375,167.95152282714844,1234.4354248046875,203.6216583251953,0.8658207058906555
69,500.17578125,178.72802734375,525.9766845703125,197.66482543945312,0.7244934439659119
69,549.5709838867188,175.5655975341797,569.5070190429688,192.40243530273438,0.5614606738090515
70,564.2015991210938,174.78306579589844,616.3309936523438,224.1852264404297,0.7974289655685425
70,547.32421875,174.6446533203125,568.58154296875,190.87864685058594,0.7666940093040466
70,1166.0555419921875,165.3345184326172,1237.7510986328125,206.36021423339844,0.7446338534355164
70,494.67974853515625,178.17581176757812,521.4905395507812,197.48434448242188,0.5150790810585022
71,564.6629638671875,173.9126739501953,615.997314453125,222.89088439941406,0.851640522480011
71,1186.6298828125,167.70553588867188,1239.2740478515625,203.99459838867188,0.8235873579978943
71,488.45721435546875,177.43167114257812,517.7348022460938,198.73715209960938,0.7651335000991821
71,544.801513671875,174.5012664794922,566.8612060546875,191.3087921142578,0.7330086827278137
72,564.5638427734375,175.31430053710938,616.3849487304688,224.494140625,0.8983450531959534
72,542.202392578125,176.48690795898438,564.8917236328125,194.48326110839844,0.861603856086731
72,480.40313720703125,179.03758239746094,512.5455322265625,202.67950439453125,0.5826593041419983
72,1210.78955078125,167.472412109375,1239.1451416015625,203.34640502929688,0.46755874156951904
73,565.530029296875,175.02420043945312,616.8519897460938,224.3814697265625,0.9170982837677002
73,472.07232666015625,180.68890380859375,508.49169921875,205.94711303710938,0.8806077837944031
73,539.27978515625,177.00086975097656,563.9135131835938,196.0868682861328,0.7093256711959839
74,566.38232421875,174.9326171875,617.67724609375,223.996826171875,0.8900188207626343
74,463.2680969238281,181.18768310546875,502.1962890625,208.2613983154297,0.8140347003936768
74,536.0894775390625,177.08062744140625,563.060791015625,197.4296417236328,0.6471988558769226
75,566.6128540039062,174.56040954589844,617.3017578125,223.0789337158203,0.8804946541786194
75,531.8970336914062,177.6851806640625,560.1680908203125,199.733642578125,0.8699238896369934
75,451.65924072265625,182.5521240234375,494.4187927246094,212.01144409179688,0.7962594628334045
76,525.7642822265625,177.7264404296875,557.8209228515625,201.840576171875,0.8993785381317139
76,566.3999633789062,174.29022216796875,617.3804321289062,223.35153198242188,0.8895184993743896
76,438.43829345703125,182.51565551757812,484.512939453125,214.94647216796875,0.7220609784126282
77,421.36492919921875,183.09909057617188,474.190673828125,219.05628967285156,0.9392645359039307
77,566.6351928710938,174.24400329589844,617.322265625,223.18687438964844,0.9056942462921143
77,520.1673583984375,177.61595153808594,554.6719970703125,204.07530212402344,0.8223537802696228
78,566.5497436523438,177.7484893798828,617.2161865234375,226.26600646972656,0.9497216939926147
78,401.28521728515625,188.16073608398438,461.83770751953125,226.72161865234375,0.8411194682121277
78,512.6818237304688,181.69349670410156,551.2332763671875,210.8653564453125,0.7134703993797302
79,566.9931030273438,184.10836791992188,618.4937133789062,232.34161376953125,0.912224531173706
79,377.6342468261719,194.88934326171875,446.4482116699219,239.4535675048828,0.8947034478187561
79,504.4580078125,188.5724639892578,546.6235961914062,220.0070037841797,0.8774784803390503
80,344.31097412109375,197.58181762695312,428.77294921875,248.93751525878906,0.9319891929626465
80,567.3624267578125,184.80030822753906,619.1878051757812,232.83059692382812,0.9045417308807373
80,493.7236022949219,188.7472381591797,541.68603515625,224.35235595703125,0.8196645975112915
80,757.3678588867188,176.684326171875,781.5428466796875,193.93603515625,0.5552078485488892
81,302.9082336425781,198.11126708984375,404.47125244140625,258.2665100097656,0.9303642511367798
81,481.7733459472656,187.8680419921875,534.2193603515625,227.66714477539062,0.8295714259147644
81,568.635498046875,183.46832275390625,619.7356567382812,231.07611083984375,0.8199628591537476
82,242.06304931640625,200.63230895996094,372.56695556640625,271.50262451171875,0.9294875264167786
82,465.3843078613281,188.1095428466797,526.0584716796875,232.78822326660156,0.8896419405937195
82,568.8639526367188,182.18316650390625,620.0922241210938,230.2328338623047,0.8840131163597107
83,568.9509887695312,181.02713012695312,620.6033325195312,229.267822265625,0.9446326494216919
83,442.1781921386719,187.816162109375,514.9254760742188,239.92922973632812,0.9329462647438049
83,150.3767852783203,204.19076538085938,325.2559509277344,291.7746887207031,0.9221475124359131
83,768.4537353515625,173.4433135986328,794.503173828125,190.82374572753906,0.5436952710151672
84,409.62884521484375,185.70974731445312,500.1704406738281,249.1214599609375,0.938456654548645
84,0.7683614492416382,207.2587127685547,260.2037353515625,327.195068359375,0.9173092842102051
84,570.0606689453125,178.50726318359375,620.0721435546875,226.16773986816406,0.9088399410247803
85,360.7732849121094,185.26268005371094,481.207275390625,265.4052734375,0.9599280953407288
85,569.8780517578125,176.29603576660156,621.3532104492188,224.7416534423828,0.9551031589508057
85,2.014824151992798,218.1134796142578,148.69265747070312,369.95166015625,0.8564519882202148
85,773.1334228515625,169.2440643310547,801.540283203125,187.48193359375,0.41768965125083923
86,570.234619140625,176.26194763183594,621.5025634765625,224.2917022705078,0.9513368010520935
86,279.3470458984375,188.9751434326172,454.0141906738281,296.7944641113281,0.9358715415000916
86,775.4160766601562,169.08502197265625,805.9974975585938,187.72645568847656,0.42024800181388855
87,570.5303955078125,177.63658142089844,621.3391723632812,225.39930725097656,0.9595242142677307
87,123.69158172607422,195.94692993164062,407.5523681640625,353.811279296875,0.890414297580719
88,570.6715698242188,178.08091735839844,621.2786865234375,225.46612548828125,0.9585459232330322
88,3.412513256072998,204.19479370117188,325.54364013671875,368.1232604980469,0.9567083120346069
89,570.7556762695312,177.75599670410156,621.1741333007812,225.1279754638672,0.9611373543739319
90,570.6292724609375,177.68466186523438,620.8604736328125,224.9114227294922,0.9628494381904602
91,570.5587768554688,176.78521728515625,620.9856567382812,224.59353637695312,0.9606461524963379
92,570.105224609375,175.6981964111328,620.724365234375,223.88169860839844,0.9251614212989807
93,569.7119750976562,175.3423614501953,620.3086547851562,223.6088104248047,0.8815435767173767
93,786.8779907226562,171.89956665039062,817.0044555664062,186.03199768066406,0.500994086265564
93,803.288818359375,164.4373779296875,838.63720703125,186.1670379638672,0.40949541330337524
94,569.0936889648438,175.90773010253906,620.2257080078125,223.82080078125,0.9144277572631836
94,789.243896484375,172.41793823242188,822.3470458984375,187.85780334472656,0.4827648103237152
95,568.5586547851562,176.7254180908203,620.0050048828125,224.62728881835938,0.9116713404655457
95,794.3567504882812,172.49420166015625,826.3381958007812,188.02296447753906,0.6155331134796143
96,568.195068359375,177.79420471191406,618.5088500976562,225.50254821777344,0.8644824028015137
96,799.0880126953125,172.82748413085938,832.0760498046875,189.24476623535156,0.6034294366836548
97,567.7072143554688,177.175537109375,617.8308715820312,225.34461975097656,0.9386594295501709
97,803.9552001953125,172.09048461914062,835.8136596679688,188.4139862060547,0.5939473509788513
98,566.549560546875,175.970458984375,616.8771362304688,224.31314086914062,0.9381580948829651
98,808.7222900390625,169.1628875732422,840.5827026367188,185.69891357421875,0.6568043828010559
98,546.8001098632812,175.65762329101562,565.749267578125,189.15757751464844,0.47055044770240784
99,565.3106689453125,175.12457275390625,615.7509155273438,223.91546630859375,0.8431669473648071
99,812.06298828125,167.5824432373047,845.8345336914062,185.5386962890625,0.6982966065406799
99,543.4966430664062,175.80221557617188,561.771484375,188.6470947265625,0.6597771048545837
100,563.6390991210938,175.8732452392578,615.263671875,224.44261169433594,0.8528993725776672
100,817.220947265625,168.12557983398438,853.480224609375,184.91798400878906,0.6612865328788757
100,541.7750854492188,177.232421875,558.5863037109375,190.89645385742188,0.5578325986862183
101,562.4408569335938,177.75856018066406,614.5606079101562,226.6623077392578,0.9321470856666565
101,821.937744140625,169.8831329345703,859.8713989257812,187.48069763183594,0.7339358329772949
101,539.278076171875,179.094970703125,556.4898071289062,192.91502380371094,0.674964189529419
102,562.484375,179.49075317382812,613.764404296875,228.51083374023438,0.9404980540275574
102,538.0357666015625,180.97889709472656,554.8021240234375,195.6930389404297,0.6971022486686707
102,827.0887451171875,170.69508361816406,868.8671264648438,189.88119506835938,0.660914957523346
103,562.3323364257812,178.84947204589844,613.5347900390625,228.25486755371094,0.9045844674110413
103,535.8203735351562,180.71900939941406,553.1029663085938,196.0527801513672,0.7638567090034485
103,833.5445556640625,170.42315673828125,876.5797729492188,190.35101318359375,0.7076848745346069
104,562.4296264648438,177.40379333496094,613.1760864257812,226.29637145996094,0.9433088898658752
104,840.3720092773438,169.56063842773438,885.0148315429688,189.03582763671875,0.6771594882011414
104,532.6669921875,179.70062255859375,551.5535888671875,196.14251708984375,0.6640957593917847
105,562.47802734375,176.55816650390625,614.100341796875,226.1464385986328,0.9525673389434814
105,847.9509887695312,168.93402099609375,893.6099243164062,188.8455810546875,0.7847166061401367
105,530.7759399414062,179.06101989746094,549.7968139648438,195.0427703857422,0.6605000495910645
106,562.4817504882812,176.4765167236328,614.6824951171875,225.9671630859375,0.9576881527900696
106,527.4898071289062,178.6145782470703,548.3317260742188,195.53286743164062,0.7161076664924622
106,856.4928588867188,168.73739624023438,904.0137939453125,189.63450622558594,0.6525081992149353
107,562.8857421875,176.80419921875,615.6619262695312,226.25990295410156,0.9271478056907654
107,865.8309936523438,168.44973754882812,915.374755859375,189.9013214111328,0.7671055197715759
107,524.1539916992188,178.5635986328125,545.4241333007812,197.0554962158203,0.6148133277893066
108,563.33642578125,177.1083984375,615.7921752929688,226.38287353515625,0.863609790802002
108,521.04248046875,178.66697692871094,543.828125,197.13922119140625,0.6873369812965393
108,874.68212890625,168.7314910888672,928.3536376953125,191.7198486328125,0.6763675808906555
109,564.42626953125,176.4490509033203,616.4797973632812,226.73020935058594,0.8938586711883545
109,516.3827514648438,178.03355407714844,541.453125,198.50064086914062,0.8206925392150879
109,882.5218505859375,168.3870391845703,939.6055297851562,191.81520080566406,0.6932743787765503
109,922.4869995117188,156.323486328125,999.80712890625,192.6281280517578,0.48806703090667725
110,564.5677490234375,176.1372528076172,616.5037841796875,226.42564392089844,0.91468745470047
110,512.4056396484375,178.0306854248047,538.478759765625,199.6919403076172,0.8740593194961548
110,894.2060546875,167.373779296875,951.237060546875,191.31199645996094,0.6852111220359802
110,542.7153930664062,176.4757537841797,560.499755859375,189.63978576660156,0.41000550985336304
111,565.15771484375,176.1009063720703,617.3631591796875,226.55084228515625,0.9506914019584656
111,904.4922485351562,166.60304260253906,967.9894409179688,191.04476928710938,0.8130342960357666
111,506.7630920410156,178.10728454589844,534.8756103515625,201.11181640625,0.800172746181488
111,541.7523803710938,176.49220275878906,558.51611328125,189.93673706054688,0.5354381203651428
112,565.4680786132812,176.430908203125,618.2177734375,227.02151489257812,0.9541044235229492
112,915.9234619140625,166.95518493652344,981.9813232421875,191.85350036621094,0.7937704920768738
112,539.929931640625,177.15977478027344,557.9452514648438,191.5430450439453,0.7385335564613342
112,500.41497802734375,179.12063598632812,531.2838745117188,204.31427001953125,0.5602219700813293
113,493.49078369140625,180.87860107421875,526.6578979492188,207.50914001464844,0.8988493084907532
113,565.703369140625,177.34768676757812,618.0183715820312,227.82421875,0.8901411890983582
113,930.7117309570312,167.8107147216797,998.363037109375,194.79721069335938,0.870110809803009
113,537.4751586914062,178.81033325195312,556.2894287109375,194.0251007080078,0.6197444796562195
114,565.9735717773438,178.3187255859375,618.5223999023438,229.6707305908203,0.9348766803741455
114,942.5459594726562,168.93905639648438,1017.0081787109375,197.11273193359375,0.8701523542404175
114,535.3375244140625,179.07830810546875,555.8864135742188,194.6956024169922,0.761618971824646
114,484.7380065917969,181.47750854492188,521.7525024414062,209.68243408203125,0.7142454981803894
114,624.681640625,176.0297088623047,641.9752807617188,189.48355102539062,0.40988853573799133
115,566.690673828125,176.30191040039062,619.2023315429688,227.12696838378906,0.9314974546432495
115,476.6598815917969,179.25457763671875,515.3521728515625,209.9967041015625,0.8353374600410461
115,957.6333618164062,166.8440704345703,1038.7691650390625,196.5151824951172,0.8289005756378174
115,533.025390625,176.9204864501953,554.6520385742188,193.1000518798828,0.6730371117591858
115,626.4401245117188,175.02239990234375,643.285888671875,188.27041625976562,0.4507071375846863
116,972.7311401367188,163.06040954589844,1058.652099609375,193.8880615234375,0.889853298664093
116,464.13909912109375,177.87765502929688,507.9958801269531,211.32662963867188,0.880904495716095
116,566.3167114257812,173.97482299804688,620.578125,226.05926513671875,0.8236929774284363
116,627.4490966796875,171.86154174804688,642.8921508789062,184.7303466796875,0.7130629420280457
116,529.5588989257812,175.5493927001953,553.0040283203125,192.67369079589844,0.7081437110900879
117,450.5013427734375,179.23716735839844,500.2660827636719,216.55087280273438,0.9473698139190674
117,567.0910034179688,173.4870147705078,621.9791870117188,225.9855499267578,0.8745560646057129
117,989.779296875,160.70408630371094,1080.292724609375,193.0631866455078,0.8736744523048401
117,526.8793334960938,176.50106811523438,550.4102172851562,193.7799835205078,0.8303350210189819
117,628.8319702148438,171.5289306640625,645.1463012695312,185.35191345214844,0.5160794854164124
118,567.88330078125,175.37600708007812,622.4327392578125,227.37025451660156,0.9423608779907227
118,1010.6188354492188,161.443359375,1110.606689453125,194.43896484375,0.8738232254981995
118,434.3056335449219,182.4084930419922,490.8518981933594,224.66993713378906,0.821976363658905
118,630.0052490234375,174.00091552734375,646.908935546875,187.62893676757812,0.741060733795166
118,523.7412109375,178.4905242919922,548.9739379882812,197.87310791015625,0.7377616167068481
119,568.2010498046875,179.06117248535156,623.62646484375,231.31588745117188,0.9546879529953003
119,413.49505615234375,186.63818359375,477.09967041015625,233.2322998046875,0.89698326587677
119,1030.6280517578125,167.4131622314453,1139.569091796875,203.2104034423828,0.8829227089881897
119,518.6806030273438,182.0405731201172,547.0758666992188,202.7657012939453,0.8206924200057983
119,630.4230346679688,176.6155242919922,648.5565795898438,192.26605224609375,0.7111362218856812
120,569.0516357421875,179.68019104003906,623.8411254882812,232.0658416748047,0.9344215989112854
120,514.9566650390625,183.3387451171875,543.2477416992188,203.61181640625,0.8852463960647583
120,386.2513427734375,187.74485778808594,460.95989990234375,240.7075958251953,0.8310427069664001
120,1050.52880859375,168.54969787597656,1165.755859375,205.15554809570312,0.8090511560440063
120,631.3366088867188,177.56619262695312,648.3768920898438,193.00038146972656,0.7003397941589355
121,350.2439880371094,182.90780639648438,437.49749755859375,244.9783477783203,0.9292420148849487
121,1078.1053466796875,165.5287628173828,1201.6800537109375,206.67752075195312,0.9215080142021179
121,569.0347290039062,174.23995971679688,623.7429809570312,226.6312255859375,0.9023062586784363
121,508.100830078125,177.64328002929688,538.8152465820312,200.0115203857422,0.7771182656288147
121,632.2738647460938,173.1815185546875,649.3172607421875,187.82957458496094,0.4944764971733093
121,1194.642578125,144.13113403320312,1236.9864501953125,211.19580078125,0.43899014592170715
122,297.0474853515625,181.79147338867188,411.35858154296875,257.30841064453125,0.9427591562271118
122,569.8905639648438,171.81451416015625,622.880859375,223.98316955566406,0.9094166159629822
122,1106.9979248046875,161.6302947998047,1238.4979248046875,204.56036376953125,0.8541198372840881
122,632.1904296875,170.34640502929688,650.064453125,186.11012268066406,0.7619948983192444
122,500.6647033691406,175.5467987060547,535.4639892578125,198.94863891601562,0.7012980580329895
123,219.87808227539062,186.5159149169922,372.81298828125,279.1672058105469,0.9320369958877563
123,569.9735107421875,171.64793395996094,623.4629516601562,223.7710418701172,0.920630156993866
123,632.7230834960938,169.56358337402344,650.879638671875,185.43463134765625,0.82503342628479
123,1134.32958984375,157.36785888671875,1238.4583740234375,203.13760375976562,0.8242017030715942
123,493.8768310546875,176.3436279296875,529.8283081054688,201.1865692138672,0.7777210474014282
124,87.47216033935547,193.38450622558594,312.8180236816406,317.8309631347656,0.9221197366714478
124,570.1072998046875,171.6064453125,623.810546875,224.09603881835938,0.8958924412727356
124,1168.7928466796875,148.87539672851562,1239.431640625,205.50106811523438,0.8617509007453918
124,633.75830078125,169.52947998046875,652.2027587890625,185.46328735351562,0.8348745107650757
124,483.9514465332031,177.871337890625,526.0970458984375,205.5955810546875,0.6624711155891418
125,1.427293300628662,204.91493225097656,219.46749877929688,367.6275939941406,0.9064823985099792
125,568.9946899414062,173.13699340820312,624.6976318359375,226.93873596191406,0.8837961554527283
125,473.2334899902344,180.64559936523438,519.518798828125,210.74246215820312,0.6592885255813599
125,633.9592895507812,171.40724182128906,653.567626953125,187.27708435058594,0.536508321762085
125,1205.6343994140625,142.15072631835938,1237.0859375,206.24130249023438,0.5079836249351501
126,461.1449279785156,184.0904541015625,511.98468017578125,217.092041015625,0.9039340019226074
126,569.0827026367188,175.37599182128906,624.8505859375,228.84725952148438,0.8833340406417847
126,635.2984008789062,175.23211669921875,654.7977905273438,190.81732177734375,0.7101073265075684
127,445.3975524902344,186.9787139892578,503.3166809082031,223.12562561035156,0.909980297088623
127,569.0584106445312,177.8035888671875,625.3784790039062,231.49964904785156,0.8735952973365784
127,636.796875,177.09999084472656,656.0491333007812,193.5728302001953,0.8541672825813293
128,427.06988525390625,188.76412963867188,490.90374755859375,227.79989624023438,0.9183422923088074
128,569.2239990234375,178.06602478027344,625.3133544921875,231.0502471923828,0.8651354908943176
128,637.3929443359375,177.27682495117188,656.5172119140625,194.08474731445312,0.8381065130233765
129,403.6715393066406,188.046875,476.42852783203125,234.6029510498047,0.9016143083572388
129,568.9927368164062,177.0828094482422,625.2584228515625,230.90187072753906,0.8571070432662964
129,638.0567626953125,176.4170684814453,656.9812622070312,193.31253051757812,0.7356932759284973
130,373.3314208984375,187.74777221679688,459.16180419921875,243.3195037841797,0.9141895771026611
130,569.1430053710938,175.09103393554688,624.7007446289062,228.17913818359375,0.8972665667533875
130,637.8843383789062,174.64944458007812,657.71875,191.61048889160156,0.5347364544868469
131,333.5444030761719,188.45687866210938,436.9088134765625,254.18768310546875,0.9435220956802368
131,569.1920776367188,174.18930053710938,624.30126953125,227.71778869628906,0.9231218099594116
131,638.2901611328125,173.80844116210938,659.2741088867188,191.60769653320312,0.7002232074737549
131,792.5206298828125,167.61941528320312,820.6346435546875,182.4614715576172,0.618709921836853
132,275.5424499511719,193.5145721435547,410.0396423339844,271.96893310546875,0.9465292692184448
132,567.9708862304688,174.8516387939453,624.7063598632812,228.79901123046875,0.940621554851532
132,638.42236328125,175.47805786132812,660.303466796875,193.17796325683594,0.7354709506034851
132,810.3431396484375,163.56295776367188,847.8412475585938,183.7190704345703,0.7265113592147827
132,796.2061767578125,168.31996154785156,827.6229858398438,184.1344757080078,0.5300280451774597
133,186.47024536132812,201.1222381591797,374.56982421875,295.31378173828125,0.9288468360900879
133,567.7332763671875,175.38136291503906,624.8331909179688,229.6290740966797,0.8873882293701172
133,639.7708740234375,176.6288299560547,661.5084228515625,194.6794891357422,0.8471980094909668
133,800.083251953125,169.2779998779297,833.3853149414062,185.10903930664062,0.7384518384933472
133,812.4786376953125,164.49172973632812,852.4297485351562,184.35275268554688,0.722128689289093
134,566.3856201171875,177.2226104736328,625.0234375,233.01614379882812,0.9576329588890076
134,31.125835418701172,209.0168914794922,315.12664794921875,340.2297668457031,0.8528446555137634
134,819.4630126953125,165.94131469726562,859.1984252929688,187.59056091308594,0.7278702855110168
134,805.2310180664062,171.48165893554688,836.32470703125,187.29493713378906,0.657587468624115
134,640.1531982421875,178.6846466064453,662.7437133789062,197.51734924316406,0.6384864449501038
135,1.8798397779464722,217.5015869140625,226.5955047607422,371.8685302734375,0.952991783618927
135,565.8048706054688,179.74266052246094,625.1217651367188,235.29168701171875,0.9119940400123596
135,809.7266845703125,174.0782470703125,839.4004516601562,191.0210418701172,0.7793107032775879
135,641.7656860351562,181.14317321777344,664.05517578125,200.2723388671875,0.7334854006767273
135,826.7467651367188,168.4726104736328,863.6873168945312,189.57322692871094,0.6006100177764893
136,566.30126953125,179.69064331054688,624.7865600585938,235.4605712890625,0.9103707671165466
136,814.3072509765625,174.4202880859375,848.5364990234375,191.33212280273438,0.6800896525382996
136,831.71875,168.25758361816406,870.2951049804688,190.35531616210938,0.6497673392295837
136,642.3880615234375,181.1058349609375,665.8860473632812,200.9723358154297,0.6464640498161316
137,568.0100708007812,178.77096557617188,624.7625732421875,233.77828979492188,0.910347580909729
137,818.661865234375,174.0997314453125,852.6444091796875,191.91160583496094,0.7196342349052429
137,838.9963989257812,168.34963989257812,878.3148803710938,191.96287536621094,0.6685310006141663
137,643.60791015625,179.47000122070312,667.37353515625,200.52012634277344,0.6516811847686768
138,568.56884765625,177.3697509765625,625.5806274414062,232.6094512939453,0.9059851765632629
138,644.9000244140625,177.82406616210938,670.6482543945312,200.21353149414062,0.840535044670105
138,846.4186401367188,166.25086975097656,886.1504516601562,190.59274291992188,0.7645740509033203
138,825.3165283203125,172.10313415527344,860.2352294921875,191.1224822998047,0.6619467735290527
139,569.984375,174.9328155517578,626.7332153320312,229.5846405029297,0.8619692325592041
139,852.916748046875,165.79324340820312,896.4505004882812,190.4973602294922,0.7659184336662292
139,830.4862060546875,170.60731506347656,867.1085205078125,189.49085998535156,0.6397123336791992
139,645.7343139648438,175.372802734375,673.0736083984375,197.7325439453125,0.5891502499580383
140,570.4405517578125,172.9464111328125,627.8453369140625,227.86956787109375,0.9377657175064087
140,647.8430786132812,173.8739013671875,675.97705078125,196.62130737304688,0.8543062210083008
140,835.9580078125,168.283203125,875.83935546875,187.733154296875,0.8503922820091248
140,858.6598510742188,161.76834106445312,904.9772338867188,188.82957458496094,0.7640393376350403
141,571.5669555664062,172.63702392578125,629.7085571289062,227.98211669921875,0.9314486384391785
141,867.1248168945312,160.64454650878906,914.5771484375,187.99871826171875,0.8558775186538696
141,843.3405151367188,167.141357421875,883.20068359375,187.30154418945312,0.8549726605415344
141,649.9948120117188,174.11778259277344,679.1770629882812,197.30812072753906,0.8212593793869019
142,572.9209594726562,173.9783172607422,631.3793334960938,229.2765350341797,0.9126549959182739
142,850.685302734375,167.60317993164062,892.1231689453125,188.64846801757812,0.8730825781822205
142,877.1842651367188,160.26763916015625,926.0380859375,189.5128936767578,0.8155902028083801
142,652.263916015625,175.17733764648438,682.1837768554688,198.5351104736328,0.5897381901741028
143,574.525390625,175.47413635253906,632.9505615234375,231.5692596435547,0.9037647843360901
143,857.6337890625,168.39601135253906,901.2282104492188,189.54254150390625,0.8595953583717346
143,654.3087158203125,176.20484924316406,685.7365112304688,201.4020538330078,0.8393555283546448
143,884.9552001953125,160.08241271972656,935.98681640625,190.91278076171875,0.7849196195602417
144,576.0337524414062,176.1354522705078,633.9183349609375,231.97914123535156,0.8630919456481934
144,656.6105346679688,176.77120971679688,689.2534790039062,203.15809631347656,0.8555980920791626
144,895.1746826171875,160.40956115722656,948.868408203125,192.2080841064453,0.7635334730148315
144,866.390869140625,168.56822204589844,909.4810180664062,190.30426025390625,0.6719499230384827
145,578.4479370117188,176.4894256591797,635.9810180664062,232.6234588623047,0.9521315097808838
145,906.3558349609375,161.37924194335938,960.007080078125,192.06800842285156,0.8358864784240723
145,659.9764404296875,177.15249633789062,692.79150390625,204.42034912109375,0.7575724720954895
145,875.7534790039062,169.03590393066406,919.1766357421875,191.0258026123047,0.6931642889976501
146,579.49267578125,176.26380920410156,638.0321655273438,232.85662841796875,0.9064434766769409
146,915.6204223632812,161.67514038085938,972.9491577148438,193.80198669433594,0.8474205732345581
146,885.4878540039062,169.29481506347656,927.1284790039062,192.0466766357422,0.7948654890060425
146,661.3549194335938,177.94740295410156,695.8958740234375,205.79013061523438,0.6543959975242615
147,580.7586059570312,176.1704864501953,639.382568359375,233.41127014160156,0.9361811280250549
147,927.3405151367188,162.3608856201172,986.8825073242188,196.02748107910156,0.850994884967804
147,664.46875,178.77012634277344,699.3201293945312,207.4779052734375,0.8488249182701111
147,891.0123291015625,169.6617431640625,943.23974609375,194.8859100341797,0.8185923099517822
148,582.1079711914062,176.11647033691406,641.3441772460938,233.21475219726562,0.9597825407981873
148,666.5867919921875,178.50372314453125,704.38134765625,208.70358276367188,0.8807656168937683
148,899.6267700195312,170.27313232421875,952.5179443359375,195.35577392578125,0.8627110719680786
148,938.3981323242188,161.76406860351562,1004.5070190429688,199.09747314453125,0.8097416758537292
149,583.1170654296875,177.12985229492188,642.1470336914062,233.39002990722656,0.9110484719276428
149,949.3663330078125,163.39056396484375,1016.8748168945312,201.28001403808594,0.8525845408439636
149,668.4073486328125,179.10260009765625,707.6822509765625,210.6219482421875,0.7606159448623657
149,907.8848266601562,170.91192626953125,964.2205200195312,197.53533935546875,0.757207453250885
149,991.96923828125,169.7960968017578,1062.1942138671875,202.04429626464844,0.6137954592704773
150,584.6331787109375,179.5011749267578,644.3967895507812,236.0663604736328,0.9287378191947937
150,917.8590087890625,175.9137420654297,978.6372680664062,202.5634307861328,0.879111647605896
150,961.97021484375,167.6895751953125,1035.0103759765625,208.32505798339844,0.8319613337516785
150,671.1746826171875,181.83285522460938,712.3242797851562,215.3652801513672,0.7885942459106445
150,1007.8150634765625,173.52894592285156,1084.0364990234375,207.2171630859375,0.41971075534820557
151,585.5875244140625,178.0498046875,645.0427856445312,234.37844848632812,0.9306300282478333
151,975.2495727539062,164.751953125,1052.772216796875,206.78134155273438,0.8839638233184814
151,927.5934448242188,172.10418701171875,991.215576171875,201.30215454101562,0.7811968922615051
151,673.7001953125,179.73220825195312,716.3528442382812,215.61561584472656,0.7757655382156372
151,1024.798828125,171.90621948242188,1097.5986328125,205.65957641601562,0.6345873475074768
152,587.0570068359375,173.81600952148438,645.339599609375,229.61744689941406,0.9217653870582581
152,991.4542846679688,158.66119384765625,1074.5826416015625,203.4247589111328,0.8900429606437683
152,939.1048583984375,167.1961669921875,1006.9995727539062,197.3546905517578,0.8615897297859192
152,676.8919067382812,175.85096740722656,721.288818359375,212.9109344482422,0.781829297542572
152,1040.1038818359375,167.68775939941406,1122.067626953125,203.03564453125,0.4630269706249237
153,588.752197265625,172.95529174804688,647.5752563476562,229.45648193359375,0.9418277144432068
153,1008.453125,155.49160766601562,1098.1937255859375,202.10531616210938,0.9393843412399292
153,679.3334350585938,175.01504516601562,727.5955810546875,214.1671600341797,0.8768640756607056
153,951.0531005859375,164.81298828125,1024.01708984375,195.9268035888672,0.8572825789451599
154,1027.3663330078125,154.0960235595703,1121.0341796875,202.4938201904297,0.9336605072021484
154,683.2192993164062,177.59828186035156,733.1369018554688,217.7560577392578,0.9267623424530029
154,589.2297973632812,174.99314880371094,649.8739624023438,232.0093536376953,0.9164479970932007
154,964.79541015625,164.65615844726562,1040.7415771484375,196.35472106933594,0.8596246838569641
154,1091.752197265625,162.0382843017578,1186.9769287109375,202.12722778320312,0.4574010968208313
155,1045.8377685546875,154.07400512695312,1149.079345703125,203.5974884033203,0.9351484775543213
155,978.4241943359375,164.84556579589844,1058.88720703125,198.10606384277344,0.913825273513794
155,591.7227783203125,176.07806396484375,651.0753173828125,233.17918395996094,0.9021551012992859
155,686.7783203125,178.4855194091797,740.2015380859375,222.40603637695312,0.8764115571975708
155,1114.714599609375,160.0984344482422,1226.0943603515625,204.73858642578125,0.5257267951965332
156,592.2592163085938,176.4074249267578,652.3822021484375,234.32981872558594,0.9572355151176453
156,1069.0411376953125,152.3820037841797,1184.6595458984375,209.0542755126953,0.9058802723884583
156,690.336669921875,178.8873291015625,748.3178100585938,225.2250518798828,0.9050837159156799
156,992.3492431640625,165.8430938720703,1078.0968017578125,199.1905975341797,0.8745430111885071
156,1153.3331298828125,157.329345703125,1233.25244140625,207.3383026123047,0.45534005761146545
157,593.8441162109375,176.61141967773438,654.2906494140625,233.61553955078125,0.9445255398750305
157,1088.29345703125,153.1464080810547,1219.2491455078125,210.8920440673828,0.9093676209449768
157,694.6621704101562,179.2064971923828,757.8343505859375,228.72494506835938,0.8457370400428772
157,1010.7025756835938,166.4360809326172,1102.2734375,201.5942840576172,0.7848506569862366
157,1172.3897705078125,162.08544921875,1237.5972900390625,208.11639404296875,0.4221069812774658
158,1117.3634033203125,150.34913635253906,1237.0263671875,211.35614013671875,0.9466753005981445
158,595.4011840820312,175.3061065673828,655.5291748046875,232.8764190673828,0.9207927584648132
158,1027.6943359375,164.67308044433594,1124.7757568359375,201.08831787109375,0.9138338565826416
158,698.3095092773438,179.22911071777344,767.8458251953125,230.8534698486328,0.8707718849182129
159,704.3445434570312,178.1302032470703,780.4837036132812,234.13282775878906,0.9382577538490295
159,596.7745971679688,174.94129943847656,656.4412841796875,232.27320861816406,0.925493061542511
159,1049.685546875,163.01795959472656,1151.51025390625,201.8267822265625,0.9194347262382507
159,1146.5509033203125,147.28662109375,1238.7000732421875,209.3400115966797,0.9083027243614197
160,709.67138671875,178.7757568359375,794.4569702148438,239.0144805908203,0.9422032833099365
160,597.7759399414062,175.8048095703125,657.6447143554688,232.19761657714844,0.9328194856643677
160,1068.571044921875,163.7816162109375,1168.89208984375,201.6936798095703,0.8639343976974487
160,1180.08984375,146.28744506835938,1238.1192626953125,209.16676330566406,0.6728453636169434
161,716.0047607421875,179.56881713867188,810.72802734375,246.32754516601562,0.9591442942619324
161,599.946044921875,176.0882110595703,659.3024291992188,233.12420654296875,0.9454165101051331
161,1091.1795654296875,162.05221557617188,1216.8994140625,206.96519470214844,0.9202938079833984
161,1204.7882080078125,157.2003936767578,1237.794921875,205.86549377441406,0.604121744632721
162,601.17919921875,176.57281494140625,660.9451904296875,233.89559936523438,0.9620661735534668
162,724.465087890625,179.9932861328125,829.34228515625,254.24485778808594,0.9609031677246094
162,1116.150634765625,162.34063720703125,1238.309814453125,207.9783477783203,0.9420934319496155
163,734.7710571289062,179.89068603515625,851.64990234375,262.7616271972656,0.96700119972229
163,602.1397705078125,176.17857360839844,661.5850219726562,233.36553955078125,0.9403775930404663
163,1140.858154296875,160.76097106933594,1238.10400390625,211.07806396484375,0.9133889675140381
164,745.0947875976562,181.1808319091797,879.5205078125,274.4563903808594,0.9761452674865723
164,602.3680419921875,176.6405029296875,661.84375,233.6696014404297,0.910811722278595
164,1165.8612060546875,161.47940063476562,1238.542236328125,208.8558349609375,0.7836586833000183
165,757.2598266601562,181.6768035888672,914.1357421875,290.6796875,0.9816097021102905
165,602.6531372070312,177.39157104492188,663.5436401367188,235.47491455078125,0.864557683467865
165,1202.15234375,166.01890563964844,1237.8719482421875,203.98460388183594,0.7265295386314392
166,771.485107421875,184.53843688964844,958.0376586914062,309.5194091796875,0.9773284792900085
166,602.7997436523438,178.67222595214844,663.5162963867188,237.23690795898438,0.9146156907081604
167,793.6598510742188,186.19664001464844,1017.4685668945312,332.57684326171875,0.9806715846061707
167,602.5782470703125,178.36572265625,663.3726196289062,237.13856506347656,0.8573694229125977
167,1037.1529541015625,163.95318603515625,1108.630615234375,200.41197204589844,0.6273382902145386
168,815.3031005859375,184.1046142578125,1105.7247314453125,365.009521484375,0.973954439163208
168,601.7254028320312,177.2936248779297,662.711181640625,235.45999145507812,0.8330118656158447
168,1056.698974609375,161.7962188720703,1127.365234375,201.11978149414062,0.48888319730758667
169,848.28759765625,181.02366638183594,1235.7696533203125,369.75811767578125,0.9251593947410583
169,601.3986206054688,177.1630096435547,662.7947998046875,235.6902313232422,0.8716663122177124
169,1067.4337158203125,158.7221221923828,1156.0865478515625,203.58677673339844,0.40211501717567444
170,900.9244995117188,186.70521545410156,1237.4385986328125,371.04119873046875,0.9840258955955505
170,601.1891479492188,178.31173706054688,662.9458618164062,237.23794555664062,0.8856077790260315
171,969.0079345703125,194.1919403076172,1239.5911865234375,370.53564453125,0.9606887102127075
171,601.2991943359375,179.5724334716797,662.9251708984375,238.80990600585938,0.9032606482505798
172,601.2597045898438,180.02471923828125,663.1052856445312,239.66204833984375,0.894418478012085
172,1083.793212890625,201.50247192382812,1240.7926025390625,371.2981872558594,0.46634000539779663
173,601.2695922851562,180.29307556152344,663.2142333984375,239.806884765625,0.8796575665473938
174,602.0098266601562,179.10952758789062,664.1331787109375,240.25503540039062,0.916174054145813
175,602.0343627929688,178.71958923339844,664.048095703125,240.07708740234375,0.9185160994529724
176,601.26123046875,178.79498291015625,663.2214965820312,239.53933715820312,0.8971059322357178
176,1197.9595947265625,149.14535522460938,1236.0950927734375,199.13677978515625,0.4145404100418091
177,601.533447265625,177.07427978515625,664.4696655273438,239.7151641845703,0.9129714369773865
178,600.5767211914062,176.93809509277344,663.7091674804688,238.76611328125,0.8974498510360718
179,600.2569580078125,175.98849487304688,663.8822021484375,238.864990234375,0.8661252856254578
180,599.8833618164062,176.46023559570312,663.8729248046875,239.0000762939453,0.9118068218231201
181,599.0733642578125,176.5275421142578,663.8688354492188,239.40472412109375,0.9507790803909302
182,599.3805541992188,175.5194091796875,663.9702758789062,237.32920837402344,0.9252700805664062
183,598.5848999023438,173.81289672851562,663.5227661132812,236.37806701660156,0.9684721231460571
184,597.7476196289062,172.52825927734375,663.1946411132812,235.46531677246094,0.9628876447677612
185,597.6102905273438,171.18038940429688,663.05224609375,234.0836944580078,0.9265755414962769
186,596.6785278320312,171.88731384277344,663.2426147460938,235.2878875732422,0.9468335509300232
187,596.1084594726562,171.7195587158203,662.7501831054688,235.30857849121094,0.9293922185897827
188,595.6644897460938,171.59619140625,662.7371215820312,235.5522918701172,0.918840229511261
189,595.5911865234375,171.87387084960938,662.8325805664062,236.30441284179688,0.9362221956253052
190,595.2235717773438,172.21641540527344,663.347412109375,236.7705078125,0.9488121867179871
191,595.130126953125,172.98971557617188,663.6697998046875,238.34552001953125,0.9491425156593323
192,596.1638793945312,174.45501708984375,663.1471557617188,240.288330078125,0.9272191524505615
193,596.0742797851562,175.31607055664062,663.359375,240.93789672851562,0.9622801542282104
194,596.10400390625,175.34930419921875,663.3335571289062,240.83871459960938,0.9630517959594727
195,596.0328979492188,175.21865844726562,663.5289916992188,240.70033264160156,0.961523175239563
196,595.764404296875,175.3263397216797,663.678955078125,240.69508361816406,0.9617800116539001
197,596.1748657226562,175.65220642089844,664.0595703125,240.55445861816406,0.9691349267959595
198,596.2847900390625,175.33499145507812,664.25927734375,240.054931640625,0.9632904529571533
198,995.7088012695312,153.4563751220703,1072.7574462890625,187.52145385742188,0.41201746463775635
199,596.2278442382812,174.95748901367188,664.2766723632812,239.52679443359375,0.9308706521987915
200,596.0634155273438,173.20932006835938,664.2014770507812,238.21202087402344,0.9665231108665466
201,596.328369140625,174.03433227539062,664.6000366210938,238.76063537597656,0.9479023814201355
202,596.4652099609375,174.23162841796875,664.5006713867188,238.56617736816406,0.951915979385376
203,596.6557006835938,175.42616271972656,664.68701171875,239.33987426757812,0.9471381306648254
204,596.2220458984375,175.75997924804688,664.4692993164062,240.11285400390625,0.967096209526062
205,596.2913818359375,176.29632568359375,664.08544921875,240.35025024414062,0.9719482064247131
206,596.1398315429688,176.2548370361328,664.2362670898438,240.1263427734375,0.9714203476905823
207,596.2811889648438,176.16390991210938,663.9911499023438,239.42877197265625,0.9627045392990112
208,595.7744750976562,175.95425415039062,663.89404296875,238.9971466064453,0.9469432830810547
209,595.3577880859375,176.02615356445312,663.450927734375,238.84544372558594,0.9307404160499573
210,594.1220092773438,176.38824462890625,661.84375,239.3542938232422,0.9402076601982117
211,592.7603759765625,175.86317443847656,660.6796264648438,238.73463439941406,0.9410657286643982
212,591.9318237304688,175.08139038085938,658.5930786132812,237.77883911132812,0.8715458512306213
213,590.2005615234375,175.15646362304688,656.59423828125,237.66021728515625,0.9436308145523071
214,587.7286987304688,175.94371032714844,655.3658447265625,238.67625427246094,0.9039409160614014
215,585.8501586914062,175.99542236328125,653.0415649414062,238.57855224609375,0.9353601336479187
216,584.4449462890625,175.06256103515625,650.6604614257812,236.8708038330078,0.9273837804794312
217,582.348876953125,174.8815155029297,649.4464721679688,236.1106719970703,0.9648087620735168
218,581.4918823242188,175.3083038330078,647.5707397460938,235.83949279785156,0.965670108795166
219,580.8961181640625,175.9402313232422,646.5828247070312,235.8728485107422,0.9287572503089905
220,580.16552734375,176.75155639648438,645.4052124023438,235.77467346191406,0.9100399613380432
221,580.0151977539062,176.57025146484375,644.4696655273438,235.2442169189453,0.9559996128082275
222,579.5466918945312,176.26487731933594,643.38720703125,234.74510192871094,0.9725990891456604
223,579.7831420898438,177.0946044921875,642.9107666015625,235.4872589111328,0.957004964351654
224,579.7810668945312,177.19068908691406,642.5806274414062,235.95330810546875,0.9318604469299316
225,579.5614013671875,177.10028076171875,642.140380859375,235.93394470214844,0.9347702860832214
226,578.8103637695312,177.08299255371094,641.2778930664062,235.52024841308594,0.9215278625488281
227,577.6488037109375,177.28359985351562,640.2672119140625,235.07247924804688,0.8937762975692749
228,577.1224975585938,178.4289093017578,639.5140991210938,236.5513916015625,0.9232497811317444
229,576.5169067382812,178.7774200439453,638.3796997070312,236.75685119628906,0.9552870988845825
230,576.295166015625,178.79527282714844,637.4819946289062,236.35171508789062,0.9444272518157959
231,575.2009887695312,179.09384155273438,636.8433227539062,235.93588256835938,0.9153223633766174
232,574.8757934570312,179.25070190429688,636.8323364257812,235.48997497558594,0.8694369792938232
233,574.614501953125,178.5330810546875,635.5952758789062,233.9334259033203,0.8904642462730408
234,574.4094848632812,178.20716857910156,635.2711181640625,233.44900512695312,0.9436968564987183
235,574.2894287109375,178.3954620361328,635.1880493164062,233.2056884765625,0.9516105651855469
236,574.2448120117188,178.5968017578125,634.823974609375,233.1393585205078,0.9616618156433105
237,574.135986328125,178.41490173339844,634.6151733398438,232.82492065429688,0.9680403470993042
238,574.0708618164062,177.82501220703125,634.9560546875,232.22999572753906,0.966985821723938
239,574.5187377929688,177.40318298339844,635.2371826171875,231.3141326904297,0.9458649158477783
240,574.8510131835938,176.99636840820312,635.3605346679688,230.4312744140625,0.8834905028343201
241,575.6677856445312,177.0259246826172,635.8259887695312,230.1771240234375,0.8572103977203369
242,576.2261352539062,177.3931884765625,635.6981811523438,230.2799530029297,0.9181150794029236
243,576.7410888671875,177.43699645996094,636.00048828125,230.1153564453125,0.9355883002281189
244,577.3116455078125,176.17478942871094,636.3504028320312,228.5126190185547,0.9464142322540283
245,578.3382568359375,175.5979766845703,636.9718017578125,228.0089111328125,0.9676351547241211
246,579.1597900390625,175.77210998535156,637.9735107421875,227.86920166015625,0.949604868888855
247,580.2651977539062,175.36117553710938,639.2232055664062,227.85325622558594,0.8999073505401611
248,581.0857543945312,175.28976440429688,639.5270385742188,227.43052673339844,0.9503449201583862
249,581.5960693359375,175.53294372558594,640.069580078125,227.56686401367188,0.9644870758056641
250,582.568603515625,175.658203125,640.7319946289062,227.30746459960938,0.9702842235565186
251,583.4527587890625,175.78797912597656,641.5635986328125,227.24595642089844,0.9480023980140686
252,584.96142578125,175.48822021484375,642.4354858398438,227.07083129882812,0.9209981560707092
253,585.4329223632812,176.35279846191406,643.2643432617188,227.6521453857422,0.9522833824157715
253,652.490234375,172.8422393798828,668.6226196289062,183.84136962890625,0.5300345420837402
254,586.4171752929688,176.87098693847656,644.8082885742188,228.2645263671875,0.9248826503753662
254,648.9208984375,173.64610290527344,665.66943359375,185.0768585205078,0.5447712540626526
255,587.8788452148438,177.65574645996094,645.5557861328125,229.39332580566406,0.8111870884895325
255,646.4342041015625,175.37159729003906,662.771484375,185.8363494873047,0.620631754398346
256,590.1119384765625,177.56248474121094,646.8737182617188,229.34718322753906,0.8982865214347839
256,642.4564819335938,175.82164001464844,659.3636474609375,186.14077758789062,0.5989332795143127
257,591.50830078125,176.54672241210938,648.42724609375,228.3613739013672,0.915734589099884
257,638.687255859375,175.8571014404297,655.8539428710938,185.9843292236328,0.5976835489273071
258,593.1378784179688,176.7245635986328,649.5241088867188,227.9758758544922,0.8499575257301331
258,633.0347290039062,175.64157104492188,653.4829711914062,186.2599639892578,0.7011289000511169
259,594.3798217773438,176.5441131591797,650.5245971679688,227.7891387939453,0.943162202835083
259,625.9664306640625,175.5496826171875,650.8902587890625,187.6107177734375,0.6369467377662659
260,595.507568359375,176.54872131347656,651.9557495117188,227.91200256347656,0.9407318234443665
260,622.1532592773438,175.92527770996094,647.5719604492188,187.95684814453125,0.5430291295051575
261,597.4744262695312,176.4922332763672,652.9804077148438,227.73880004882812,0.8648264408111572
261,618.8165893554688,175.8370819091797,643.1736450195312,188.41065979003906,0.546785295009613
262,598.7344970703125,176.26980590820312,653.5576171875,227.18148803710938,0.9485186338424683
262,597.8355712890625,175.75692749023438,618.1089477539062,189.53765869140625,0.502500057220459
262,615.434814453125,174.5936737060547,639.4351806640625,189.4241943359375,0.4884679615497589
263,599.6311645507812,176.6106414794922,654.2750854492188,227.4036407470703,0.954440712928772
263,593.6905517578125,176.034423828125,614.5819091796875,189.71664428710938,0.6739295125007629
263,615.3161010742188,174.93621826171875,637.7762451171875,189.56336975097656,0.44992586970329285
264,600.3648681640625,177.31195068359375,655.3247680664062,227.57217407226562,0.9174149036407471
264,588.6096801757812,176.92886352539062,609.7968139648438,191.62644958496094,0.727159857749939
264,610.2291870117188,176.13023376464844,634.843505859375,193.5126495361328,0.49112364649772644
264,1139.6961669921875,143.8573455810547,1216.3099365234375,190.16787719726562,0.4237234890460968
265,600.9630737304688,177.365966796875,655.83984375,227.6690216064453,0.8343009352684021
265,584.4829711914062,177.4751434326172,605.2904663085938,192.1234588623047,0.7863904237747192
265,1165.5638427734375,140.75747680664062,1237.349853515625,192.8025360107422,0.7422619462013245
265,610.8699340820312,176.53814697265625,633.6152954101562,193.48080444335938,0.4636019170284271
265,1150.572021484375,143.36325073242188,1228.5709228515625,189.45407104492188,0.4392973482608795
266,602.384033203125,176.70703125,656.585205078125,227.61532592773438,0.9130069017410278
266,1167.5308837890625,144.08839416503906,1236.0960693359375,189.40869140625,0.6872323155403137
266,579.6309814453125,177.815673828125,601.2445068359375,192.3397979736328,0.6292102932929993
266,607.2058715820312,177.18206787109375,629.8721313476562,193.68235778808594,0.49057918787002563
266,1197.14794921875,137.0914764404297,1236.105224609375,195.53036499023438,0.4088740944862366
267,603.5825805664062,176.8739471435547,657.1598510742188,227.50778198242188,0.9456363916397095
267,573.47607421875,177.9078826904297,596.9566040039062,192.71702575683594,0.8111938834190369
267,600.8533935546875,177.4686279296875,622.6387329101562,193.09237670898438,0.7187519073486328
267,1188.6737060546875,140.72352600097656,1244.1856689453125,192.61224365234375,0.49177446961402893
267,1218.11962890625,136.05262756347656,1240.1856689453125,202.97750854492188,0.40957221388816833
268,603.9381713867188,177.00791931152344,658.2169189453125,227.82537841796875,0.9379883408546448
268,567.7353515625,178.23460388183594,592.4136962890625,194.06703186035156,0.8684443831443787
268,595.8798828125,177.13551330566406,619.9834594726562,194.57492065429688,0.8332086205482483
268,1209.4171142578125,143.21905517578125,1238.5269775390625,189.56541442871094,0.5406160950660706
269,604.6715698242188,177.10459899902344,659.1131591796875,227.8432159423828,0.9052063822746277
269,590.2313842773438,177.7176513671875,615.5303955078125,195.79185485839844,0.7878126502037048
269,561.1884155273438,178.46754455566406,588.4747924804688,195.45579528808594,0.5618091225624084
270,605.7310791015625,176.6236114501953,660.158935546875,227.84963989257812,0.8646888732910156
270,554.005126953125,178.98733520507812,582.8460083007812,196.6848602294922,0.6404357552528381
270,584.7384033203125,178.0912628173828,612.1807861328125,196.38604736328125,0.5801013112068176
271,606.281982421875,176.60842895507812,660.5960083007812,227.6543731689453,0.9290987849235535
271,547.671142578125,179.2173309326172,576.6007080078125,197.74375915527344,0.726784884929657
271,578.2348022460938,177.9148712158203,607.7243041992188,198.14328002929688,0.7239786982536316
272,606.844970703125,176.78085327148438,661.1336669921875,227.72622680664062,0.9454595446586609
272,571.0519409179688,178.33921813964844,602.5208740234375,199.80198669433594,0.7657653093338013
272,538.939697265625,179.61891174316406,569.5205078125,199.53115844726562,0.7393168210983276
273,607.7256469726562,176.72833251953125,661.9232788085938,227.7539520263672,0.9532800316810608
273,563.256103515625,178.31466674804688,597.6533813476562,201.68292236328125,0.9122382402420044
273,530.3038330078125,179.9637908935547,563.2225952148438,201.2261505126953,0.7065979838371277
274,608.1484375,176.8700714111328,662.6761474609375,227.7889404296875,0.9416148066520691
274,555.02392578125,178.58575439453125,591.8546142578125,203.24708557128906,0.7902870774269104
274,520.367431640625,179.81288146972656,555.6448974609375,202.42657470703125,0.64516282081604
275,608.9810791015625,176.6201629638672,663.1589965820312,226.916748046875,0.9120921492576599
275,509.5221862792969,180.6806182861328,548.4076538085938,203.6898651123047,0.8293907046318054
275,546.3558349609375,178.474853515625,585.526123046875,205.05738830566406,0.7041454315185547
276,498.2966613769531,179.6923828125,538.9251708984375,205.24481201171875,0.9007134437561035
276,609.8368530273438,175.41526794433594,663.9041748046875,225.9898681640625,0.8920223116874695
276,536.3504028320312,178.36715698242188,579.4713745117188,207.00991821289062,0.8907938003540039
277,610.524169921875,174.7895050048828,664.314208984375,225.25892639160156,0.9293128848075867
277,525.1380615234375,177.67568969726562,571.6073608398438,209.50148010253906,0.9166110754013062
277,484.0737609863281,179.21311950683594,530.3826293945312,207.4188995361328,0.9160436987876892
278,611.2702026367188,175.16616821289062,664.9963989257812,225.52203369140625,0.9550224542617798
278,510.9131164550781,178.64825439453125,563.5045776367188,214.122314453125,0.9298740029335022
278,467.9157409667969,180.0595703125,518.8231811523438,211.3375701904297,0.7219810485839844
279,611.6268310546875,175.3854522705078,665.9943237304688,225.6885986328125,0.9637957215309143
279,449.5475769042969,180.78021240234375,506.21160888671875,215.63392639160156,0.8418508768081665
279,494.94390869140625,180.01116943359375,553.9346923828125,219.23866271972656,0.8217767477035522
280,612.1557006835938,175.33279418945312,666.7625732421875,225.95555114746094,0.955368161201477
280,427.3859558105469,182.1213836669922,491.8243103027344,220.603271484375,0.9269813895225525
280,473.60833740234375,179.91893005371094,542.4456787109375,226.95376586914062,0.7649010419845581
281,447.8182067871094,181.4488983154297,528.9144287109375,235.50155639648438,0.9341403841972351
281,399.41729736328125,183.3926239013672,472.5723876953125,227.03810119628906,0.9289959073066711
281,612.5853271484375,175.44740295410156,667.3692626953125,226.36636352539062,0.90565025806427
282,613.5569458007812,174.90103149414062,668.4767456054688,227.0336151123047,0.937993586063385
282,412.8695983886719,182.95339965820312,511.6279296875,247.58853149414062,0.9082347750663757
282,363.9964294433594,185.05052185058594,449.5493469238281,234.66941833496094,0.9021166563034058
283,363.8471374511719,183.87173461914062,488.21722412109375,263.3096923828125,0.9652675986289978
283,614.8495483398438,174.78688049316406,668.8777465820312,226.53797912597656,0.9606954455375671
283,317.25811767578125,185.99356079101562,423.1163024902344,244.484619140625,0.9023631811141968
284,285.7535095214844,186.1909942626953,455.798095703125,287.7781982421875,0.9711431264877319
284,615.7022094726562,174.8304901123047,670.2623901367188,226.71533203125,0.9612206220626831
284,252.89956665039062,189.0558319091797,387.5863342285156,257.9909362792969,0.9335941076278687
285,142.69778442382812,193.0350799560547,405.93670654296875,334.2201843261719,0.9582396149635315
285,616.374755859375,174.364013671875,671.354248046875,226.25559997558594,0.8863332271575928
285,154.74790954589844,191.9262237548828,330.2676086425781,278.264404296875,0.8086008429527283
286,0.06138481944799423,203.0396728515625,322.2723083496094,368.3889465332031,0.9778082370758057
286,617.2892456054688,173.81610107421875,672.4149780273438,225.792236328125,0.8921961188316345
286,72.22794342041016,197.5822296142578,280.8490905761719,274.884765625,0.5609390735626221
287,618.3309326171875,174.27098083496094,673.11328125,225.5747528076172,0.9340511560440063
287,2.7893521785736084,214.5868377685547,148.41761779785156,373.607421875,0.660790741443634
287,4.388030052185059,201.7179718017578,148.13409423828125,355.9358215332031,0.6061411499977112
288,619.264404296875,174.50137329101562,673.65576171875,225.56088256835938,0.9448725581169128
289,619.8555297851562,174.55279541015625,673.7631225585938,225.27235412597656,0.9334141612052917
290,620.0185546875,174.66244506835938,673.1956176757812,225.05349731445312,0.9309899806976318
291,619.8043823242188,174.9580841064453,672.5567016601562,224.9257354736328,0.9390488862991333
292,619.1497192382812,175.3861541748047,672.1373291015625,225.0726318359375,0.9478224515914917
293,618.5894165039062,175.2899627685547,671.5822143554688,224.86233520507812,0.9275276064872742
