0,479.6277160644531,164.89683532714844,513.1332397460938,191.595458984375,0.8181838989257812
0,501.0103454589844,166.27969360351562,550.455322265625,184.0750274658203,0.8002153038978577
0,495.2178649902344,166.97100830078125,525.2665405273438,189.7490997314453,0.799126148223877
1,479.61505126953125,164.6904296875,513.3734130859375,191.70631408691406,0.8171426057815552
1,495.56805419921875,167.0173797607422,524.9100341796875,189.7224578857422,0.8039276003837585
1,501.8436584472656,165.9431610107422,551.6832885742188,183.96066284179688,0.7857844233512878
2,494.90203857421875,167.02645874023438,524.6416015625,189.6235809326172,0.8292014598846436
2,479.520263671875,164.68824768066406,513.5675659179688,192.02352905273438,0.82534259557724
2,502.54766845703125,165.96417236328125,551.5797729492188,183.44366455078125,0.7381241321563721
3,495.1346435546875,167.5347137451172,524.7549438476562,189.87290954589844,0.8638771176338196
3,479.6354064941406,164.70529174804688,513.7435913085938,192.30589294433594,0.7997727990150452
3,505.067626953125,166.54725646972656,553.0661010742188,183.4318389892578,0.7536795139312744
4,495.1762390136719,167.71278381347656,525.207275390625,190.28846740722656,0.8629399538040161
4,505.16082763671875,166.77992248535156,554.4776611328125,183.91690063476562,0.782194197177887
4,479.4601135253906,164.69007873535156,514.2095947265625,192.4442901611328,0.7548133134841919
5,495.35284423828125,167.59471130371094,526.0823364257812,190.59567260742188,0.8580045700073242
5,508.92047119140625,166.6748809814453,556.7190551757812,184.22079467773438,0.7456547021865845
5,479.6669921875,164.60157775878906,514.155029296875,192.43577575683594,0.7226888537406921
6,494.2226257324219,167.68865966796875,525.886474609375,190.74288940429688,0.8653852939605713
6,479.8312683105469,165.24856567382812,513.7661743164062,192.97747802734375,0.7534157633781433
6,510.64947509765625,167.2766571044922,557.4832153320312,185.20103454589844,0.7524599432945251
7,495.03436279296875,168.33038330078125,526.7400512695312,191.48191833496094,0.8472341895103455
7,515.0089721679688,167.59103393554688,560.4134521484375,185.7380828857422,0.7115684151649475
7,480.3284606933594,166.20358276367188,514.857666015625,193.945556640625,0.6726846694946289
8,495.9786376953125,169.03273010253906,526.3460083007812,192.22799682617188,0.7570669651031494
8,480.5132141113281,167.96011352539062,515.0316772460938,195.464111328125,0.6935769319534302
8,520.1521606445312,168.38369750976562,561.03369140625,186.96755981445312,0.5714563727378845
9,481.0762939453125,167.6636505126953,515.3921508789062,195.88352966308594,0.8060337901115417
9,520.9385986328125,168.36395263671875,562.834228515625,187.02049255371094,0.6818698048591614
9,496.7142028808594,169.38783264160156,527.2570190429688,192.20887756347656,0.5890212655067444
10,482.1133728027344,167.36021423339844,515.91162109375,195.70030212402344,0.7919462323188782
10,498.33221435546875,169.2010955810547,528.926025390625,192.40377807617188,0.7038633227348328
10,523.0121459960938,168.3223419189453,564.4371948242188,186.9937286376953,0.5159400105476379
11,482.60577392578125,166.33486938476562,517.1563720703125,195.1280059814453,0.8180803060531616
11,499.6441345214844,169.0776824951172,530.24169921875,192.07350158691406,0.7960774302482605
11,525.2522583007812,168.50311279296875,565.5350952148438,185.6785125732422,0.6789044141769409
12,483.0314636230469,166.0207977294922,518.0460205078125,195.20343017578125,0.7757772207260132
12,500.0267028808594,168.87628173828125,531.5802612304688,192.02471923828125,0.7347662448883057
12,528.6572265625,168.55194091796875,567.6958618164062,185.55532836914062,0.7026820182800293
13,484.4452819824219,165.67337036132812,519.9474487304688,195.3332061767578,0.8396666049957275
13,502.6780700683594,168.7806396484375,533.130859375,191.9273223876953,0.8262696266174316
13,531.1709594726562,168.5099334716797,569.576904296875,185.42141723632812,0.5701959133148193
14,536.5209350585938,168.52967834472656,570.5753173828125,185.04095458984375,0.787228524684906
14,486.79052734375,165.94850158691406,521.4652099609375,195.4706268310547,0.7595831155776978
14,503.7841796875,168.6044921875,535.3301391601562,192.40016174316406,0.7497596740722656
15,507.40899658203125,168.1817626953125,537.2452392578125,191.7982635498047,0.8776832818984985
15,490.3424072265625,165.66525268554688,523.9288330078125,195.58584594726562,0.8576111197471619
15,541.0177612304688,168.6873321533203,574.045166015625,184.93106079101562,0.7526604533195496
16,492.65301513671875,165.46754455566406,527.1048583984375,195.4885711669922,0.8594005703926086
16,510.2714538574219,167.66941833496094,539.9818725585938,192.0426788330078,0.8534156084060669
16,545.6055908203125,168.3115234375,575.7484741210938,184.7707061767578,0.837830126285553
17,549.6609497070312,168.49217224121094,578.2060546875,184.79566955566406,0.8238558173179626
17,514.25732421875,167.67694091796875,543.4668579101562,192.04812622070312,0.8162897229194641
17,496.0240478515625,165.4061279296875,530.24462890625,195.5680694580078,0.7854545712471008
18,518.2163696289062,167.34986877441406,546.8372192382812,192.05088806152344,0.7842966318130493
18,553.6919555664062,167.76422119140625,579.3704833984375,184.6605682373047,0.6303132176399231
18,499.2564697265625,165.61361694335938,532.79248046875,195.98751831054688,0.6250085234642029
19,502.0092468261719,165.38595581054688,537.0935668945312,196.02003479003906,0.7700116038322449
19,521.7764282226562,167.49560546875,550.2442626953125,191.67800903320312,0.6794924139976501
19,558.175048828125,167.6254425048828,582.4049682617188,184.44190979003906,0.6208586692810059
20,505.7203369140625,164.2564239501953,540.7413330078125,196.0994110107422,0.8552576899528503
20,562.9921875,166.8311004638672,585.4552001953125,183.75912475585938,0.6753743290901184
20,525.4367065429688,166.80413818359375,554.0148315429688,191.0028533935547,0.6389256119728088
21,508.9474792480469,162.34649658203125,544.849853515625,195.07046508789062,0.8934814929962158
21,566.0443115234375,165.67263793945312,588.0497436523438,182.2921600341797,0.6621898412704468
21,527.7573852539062,165.74754333496094,557.5387573242188,190.0394744873047,0.6490615606307983
22,512.645751953125,161.36746215820312,548.3973388671875,194.5830841064453,0.8693540692329407
22,531.4004516601562,164.50823974609375,561.482177734375,188.73117065429688,0.7254957556724548
23,515.9945068359375,161.37051391601562,552.5548706054688,194.8114776611328,0.8936427235603333
23,534.48095703125,164.46067810058594,565.4176025390625,189.04331970214844,0.7897491455078125
23,574.2723999023438,165.2877655029297,594.9662475585938,181.3175048828125,0.6278813481330872
24,519.583740234375,161.96583557128906,556.2368774414062,195.80531311035156,0.9189843535423279
24,538.3190307617188,165.38247680664062,569.7833251953125,190.70687866210938,0.6937552690505981
24,577.6446533203125,165.77127075195312,599.7198486328125,181.96287536621094,0.528352677822113
25,522.4298095703125,162.04957580566406,560.787841796875,197.23541259765625,0.9003003835678101
25,542.0408935546875,165.8070526123047,572.9642333984375,191.33299255371094,0.8005667924880981
25,581.6848754882812,166.09857177734375,603.0239868164062,181.75784301757812,0.6403539180755615
26,524.7387084960938,160.9353485107422,565.3829345703125,197.1862335205078,0.9283703565597534
26,545.504638671875,164.9102783203125,576.669921875,191.2381134033203,0.8052985072135925
26,584.2009887695312,165.892578125,606.7434692382812,181.7274627685547,0.6297355890274048
27,527.2095947265625,161.1066131591797,568.0277099609375,196.77980041503906,0.8571856021881104
27,547.5189819335938,164.58274841308594,578.897216796875,191.4719696044922,0.7815895676612854
27,586.6784057617188,165.39808654785156,609.0361328125,181.33985900878906,0.5928268432617188
28,527.85791015625,160.96511840820312,569.2900390625,197.48046875,0.9262755513191223
28,548.1079711914062,164.72637939453125,581.2802124023438,191.97120666503906,0.851945161819458
28,585.3020629882812,165.15228271484375,610.4019775390625,181.2523193359375,0.6805751323699951
29,546.6844482421875,165.9727020263672,580.9630737304688,193.21665954589844,0.8848837018013
29,527.3015747070312,162.35693359375,569.5142822265625,198.71282958984375,0.8629189729690552
29,581.1641845703125,166.52101135253906,609.4970703125,182.7783660888672,0.7581238150596619
30,524.3161010742188,164.46725463867188,567.5101318359375,202.81678771972656,0.8416017293930054
30,543.8897094726562,167.90699768066406,578.160888671875,196.68438720703125,0.8285916447639465
30,577.822021484375,168.70594787597656,606.6177368164062,184.76510620117188,0.5986775159835815
31,538.9937744140625,168.84373474121094,574.38671875,197.97332763671875,0.8728917837142944
31,518.797119140625,165.86183166503906,562.0662231445312,205.2572479248047,0.8275852799415588
31,571.78955078125,170.03311157226562,603.19580078125,186.09527587890625,0.7288782000541687
32,511.48956298828125,165.68910217285156,556.2774658203125,206.19520568847656,0.9019675850868225
32,533.6546020507812,169.68031311035156,569.2024536132812,197.5137939453125,0.799534797668457
32,564.7506103515625,170.23565673828125,595.3424682617188,186.5181427001953,0.6885404586791992
33,503.1929626464844,165.02085876464844,548.450927734375,205.99488830566406,0.871010959148407
33,523.9971313476562,167.67068481445312,560.6903076171875,197.0250244140625,0.8347799181938171
33,557.2568969726562,168.76429748535156,586.98681640625,185.232666015625,0.6187354326248169
34,491.6811218261719,163.0911865234375,539.7084350585938,205.45213317871094,0.8514487743377686
34,514.0968627929688,166.22360229492188,551.8215942382812,197.14007568359375,0.7908182144165039
34,545.008056640625,167.74571228027344,576.8387451171875,184.66136169433594,0.6874457597732544
35,504.448974609375,166.33941650390625,541.5396118164062,197.38229370117188,0.7994616627693176
35,531.2572021484375,167.62081909179688,566.099365234375,184.6165771484375,0.7467467784881592
35,480.4188537597656,163.23985290527344,528.3565063476562,207.6795654296875,0.7380176186561584
36,465.95391845703125,164.3522186279297,516.757080078125,209.6512908935547,0.9444695711135864
36,491.6930847167969,167.7161102294922,529.2876586914062,199.3614044189453,0.8924210667610168
36,514.847900390625,168.38198852539062,553.4080200195312,185.67640686035156,0.5742980241775513
37,450.12237548828125,164.6273193359375,502.3232116699219,211.6664276123047,0.9200559258460999
37,475.7252502441406,168.37242126464844,514.9104614257812,200.12281799316406,0.8736571669578552
37,499.3415832519531,169.25209045410156,537.263427734375,186.30838012695312,0.7402194142341614
38,433.7572021484375,163.4830322265625,487.2491149902344,212.45851135253906,0.9363825917243958
38,460.4749450683594,166.82846069335938,500.18756103515625,200.11817932128906,0.8954358696937561
38,482.4563293457031,167.9178466796875,522.2268676757812,185.64585876464844,0.763983964920044
39,415.06915283203125,160.97215270996094,470.99920654296875,212.85470581054688,0.9102010130882263
39,443.90679931640625,165.15145874023438,483.53765869140625,198.7031707763672,0.8166604042053223
39,464.922119140625,165.02059936523438,504.8424072265625,183.5067596435547,0.6880675554275513
40,393.62677001953125,159.11439514160156,454.1081237792969,213.4442596435547,0.9097175002098083
40,424.98992919921875,163.43418884277344,466.7407531738281,197.57305908203125,0.8604676723480225
40,447.90191650390625,164.35581970214844,487.3829650878906,181.91363525390625,0.5792531967163086
41,371.0799560546875,160.03506469726562,435.7703552246094,216.90403747558594,0.8950235247612
41,400.3074645996094,164.20263671875,447.49688720703125,200.572265625,0.7983292937278748
41,420.84716796875,164.31344604492188,469.1726379394531,183.7564697265625,0.751707136631012
42,346.4917297363281,162.65032958984375,413.4174499511719,221.29010009765625,0.9281610250473022
42,399.56787109375,167.2411346435547,446.1567687988281,185.9297332763672,0.8223176598548889
42,380.28741455078125,167.5034942626953,424.6429138183594,201.69976806640625,0.7640578746795654
43,316.7628479003906,164.80650329589844,388.2128601074219,226.92030334472656,0.8769073486328125
43,349.377197265625,168.4928436279297,399.0747375488281,206.34524536132812,0.8189443349838257
43,373.7445983886719,168.65057373046875,419.6932067871094,187.84091186523438,0.7711511254310608
44,281.6772766113281,165.60523986816406,358.9020690917969,231.6367645263672,0.9427305459976196
44,316.4503479003906,168.80299377441406,369.7203674316406,210.3569793701172,0.8007532954216003
44,345.45623779296875,170.08973693847656,390.4718933105469,187.775634765625,0.7224732041358948
45,243.06723022460938,166.58358764648438,326.3139953613281,236.92918395996094,0.9535858631134033
45,280.9783020019531,169.79193115234375,334.98870849609375,211.9084014892578,0.8304277062416077
45,306.8367614746094,171.3509521484375,355.289794921875,189.62261962890625,0.7157426476478577
46,196.79505920410156,169.04075622558594,288.59344482421875,243.53102111816406,0.9533205628395081
46,240.71420288085938,171.79408264160156,296.28753662109375,212.23818969726562,0.7665316462516785
46,274.3193054199219,171.968505859375,317.6739501953125,192.2064666748047,0.7061302065849304
46,996.613525390625,165.47613525390625,1177.7593994140625,236.20632934570312,0.421725332736969
47,142.998779296875,173.26950073242188,249.510986328125,251.6767578125,0.9338739514350891
47,189.5656280517578,173.8101348876953,251.7037811279297,217.8605499267578,0.7704419493675232
47,231.65859985351562,175.29202270507812,277.0348205566406,195.33314514160156,0.6082410216331482
48,78.33061981201172,174.8101348876953,202.68788146972656,259.91363525390625,0.9372215270996094
48,131.12417602539062,174.7655029296875,202.5092315673828,221.44271850585938,0.8316792249679565
48,183.85134887695312,176.98675537109375,226.44583129882812,195.40126037597656,0.6045407652854919
49,5.494702339172363,174.17747497558594,151.2645263671875,268.6286926269531,0.9521939754486084
49,66.08845520019531,172.42892456054688,144.64288330078125,223.9648895263672,0.7858270406723022
49,129.14634704589844,175.6890411376953,172.9048614501953,196.21730041503906,0.5417451858520508
50,-1.740316390991211,170.93272399902344,96.86019897460938,280.3984375,0.9163427948951721
50,7.662807464599609,170.52285766601562,79.9286880493164,226.5006561279297,0.719107449054718
50,67.83384704589844,174.33731079101562,111.649169921875,196.79962158203125,0.5535110831260681
50,54.486568450927734,177.4108428955078,93.42028045654297,202.01893615722656,0.48768317699432373
51,1.9972320795059204,176.7498016357422,31.809473037719727,204.95266723632812,0.6712893843650818
51,-0.3551192283630371,192.91635131835938,35.94034194946289,288.20855712890625,0.5257996320724487
51,3.361356735229492,173.89627075195312,46.16054153442383,199.30421447753906,0.5119774341583252
51,-3.095186233520508,182.45465087890625,8.25226879119873,207.37014770507812,0.45956695079803467
51,815.467041015625,159.933837890625,968.9705200195312,229.36126708984375,0.45615825057029724
53,743.4786987304688,158.25216674804688,889.959228515625,225.58201599121094,0.5353477597236633
54,705.3323974609375,157.6482391357422,852.7777709960938,226.06820678710938,0.48915985226631165
55,1167.4683837890625,166.52867126464844,1221.0928955078125,194.82313537597656,0.6854218244552612
55,669.7944946289062,157.7235870361328,816.2769775390625,228.9206085205078,0.6007501482963562
56,1108.982177734375,169.47421264648438,1158.803955078125,197.11166381835938,0.5670458674430847
56,631.9540405273438,158.26678466796875,777.604736328125,230.63333129882812,0.5615749359130859
57,1052.9666748046875,174.1228485107422,1100.1170654296875,199.39573669433594,0.8002031445503235
57,590.6134643554688,160.09909057617188,742.3211669921875,234.23779296875,0.5496361255645752
58,999.041015625,177.23060607910156,1044.671142578125,202.89988708496094,0.779603898525238
58,1139.9803466796875,179.0813446044922,1171.6419677734375,197.1757354736328,0.5732033252716064
59,946.1837768554688,178.97511291503906,992.178466796875,204.3126983642578,0.8030486702919006
59,1081.8857421875,180.84652709960938,1109.512451171875,198.51904296875,0.7217051386833191
59,508.3023986816406,162.5126953125,664.4638061523438,240.34152221679688,0.6006367206573486
60,896.2789916992188,179.18798828125,941.3909301757812,204.56924438476562,0.7737399339675903
60,1169.5950927734375,193.16488647460938,1219.99853515625,288.982177734375,0.7472171783447266
60,1143.586181640625,182.63441467285156,1209.0059814453125,231.56260681152344,0.7183941602706909
60,465.2811584472656,162.87979125976562,622.4788208007812,241.44007873535156,0.6072742938995361
61,1121.3648681640625,185.52285766601562,1222.914794921875,288.9953308105469,0.9235821962356567
61,1093.5377197265625,179.491943359375,1152.45263671875,226.8178253173828,0.7629092335700989
61,848.8912353515625,175.07476806640625,892.960693359375,201.88499450683594,0.726722776889801
61,1119.6490478515625,179.970703125,1217.9637451171875,262.5843505859375,0.5608668327331543
61,416.0242004394531,160.0275115966797,580.6464233398438,244.07676696777344,0.5393705368041992
61,977.8390502929688,176.6072998046875,999.4779663085938,196.38233947753906,0.4021011292934418
62,1072.6749267578125,183.4193878173828,1218.27734375,291.1158142089844,0.929736316204071
62,803.6578979492188,174.65135192871094,844.4656982421875,200.59654235839844,0.856891930103302
62,1044.3250732421875,179.64064025878906,1101.359375,225.1084747314453,0.8404779434204102
62,1039.5728759765625,179.53414916992188,1076.36279296875,209.15347290039062,0.5899084806442261
62,927.0806274414062,176.8747100830078,949.8494873046875,194.33497619628906,0.5458418130874634
62,1071.772216796875,178.85629272460938,1180.933837890625,264.5645446777344,0.5162177085876465
63,1032.8619384765625,186.15541076660156,1181.5147705078125,293.1104431152344,0.9582810401916504
63,998.3616943359375,181.4974365234375,1054.53369140625,224.3636932373047,0.8392512202262878
63,877.84228515625,179.17648315429688,900.8009643554688,194.20814514160156,0.8173456192016602
63,757.83642578125,176.69873046875,798.922119140625,201.93592834472656,0.7744218111038208
63,1029.3604736328125,184.6312713623047,1124.6917724609375,258.4143981933594,0.6696096062660217
63,990.2012329101562,180.5970916748047,1025.969970703125,208.6176300048828,0.6346923112869263
64,994.3068237304688,189.1689453125,1144.4813232421875,293.48583984375,0.9231922030448914
64,954.9180297851562,182.1742401123047,1006.9808959960938,223.99513244628906,0.8729995489120483
64,832.697998046875,179.25811767578125,856.6196899414062,194.93789672851562,0.8123286962509155
64,986.6138916015625,186.24143981933594,1083.06201171875,256.3902893066406,0.649515688419342
64,945.4296264648438,182.19198608398438,977.7505493164062,207.9998016357422,0.6293198466300964
64,713.1813354492188,176.72607421875,754.8402099609375,202.2181854248047,0.6013503074645996
65,957.8353271484375,191.00950622558594,1118.2847900390625,297.22283935546875,0.9471161961555481
65,913.3714599609375,182.6992950439453,964.076416015625,224.19729614257812,0.8564392328262329
65,948.2481689453125,186.34164428710938,1045.46044921875,256.083984375,0.8109193444252014
65,789.5545654296875,179.56829833984375,814.8795776367188,195.59445190429688,0.7232226133346558
65,670.970703125,176.37770080566406,712.4512939453125,202.79185485839844,0.6475696563720703
65,902.7149047851562,182.228271484375,936.9105224609375,207.80519104003906,0.5679119229316711
65,172.51197814941406,158.150390625,396.415283203125,258.9544982910156,0.49422362446784973
66,924.26318359375,189.3817596435547,1090.410888671875,297.65313720703125,0.9350460171699524
66,873.6648559570312,181.1583251953125,925.6224975585938,222.45021057128906,0.8055116534233093
66,909.9714965820312,183.5583038330078,1014.6781616210938,258.5130615234375,0.7627550959587097
66,749.202880859375,178.2225799560547,774.9395751953125,193.70184326171875,0.760138988494873
66,629.1041870117188,173.72573852539062,672.9345703125,201.9788055419922,0.6255255341529846
66,863.6259155273438,181.03565979003906,899.6546630859375,207.37867736816406,0.5053839683532715
66,93.30901336669922,157.7917022705078,345.496337890625,266.8911437988281,0.4146381914615631
67,894.815185546875,186.12472534179688,1066.1158447265625,295.3899230957031,0.9478675723075867
67,877.9378051757812,180.8279571533203,978.3648071289062,252.93772888183594,0.8421121835708618
67,840.0672607421875,177.92918395996094,894.1143188476562,219.9524383544922,0.8101971745491028
67,590.4638061523438,172.62571716308594,636.02001953125,200.91639709472656,0.6900969743728638
67,715.0630493164062,175.7023468017578,739.901611328125,191.4217529296875,0.6843932867050171
67,6.215333461761475,157.03485107421875,295.2999572753906,275.5301208496094,0.5891662240028381
67,836.7244873046875,177.7870330810547,880.9467163085938,210.96914672851562,0.48619216680526733
67,827.36181640625,177.54498291015625,860.0255737304688,203.07289123535156,0.46036505699157715
68,870.3671875,183.50621032714844,1046.735107421875,297.4776916503906,0.9621508121490479
68,850.2590942382812,177.62269592285156,958.66650390625,250.40203857421875,0.8561303019523621
68,811.3736572265625,174.97935485839844,861.9989624023438,215.88137817382812,0.7981606125831604
68,554.68212890625,169.89993286132812,603.2670288085938,199.44288635253906,0.5870065689086914
68,0.8818348050117493,152.32203674316406,245.337890625,288.4939880371094,0.5451003909111023
68,807.2750854492188,175.45721435546875,848.829345703125,206.15377807617188,0.5381761193275452
68,681.8878173828125,173.6482696533203,709.0603637695312,189.23330688476562,0.4862593710422516
69,853.0266723632812,182.71360778808594,1038.6280517578125,298.4625549316406,0.9729759097099304
69,827.3360595703125,175.73806762695312,942.8544921875,252.3972930908203,0.9166697263717651
69,787.4307250976562,173.33175659179688,838.7109375,215.71205139160156,0.9028566479682922
69,655.6804809570312,171.63052368164062,679.93896484375,187.89541625976562,0.8469825387001038
69,521.343994140625,168.50836181640625,571.10986328125,198.3275604248047,0.7240184545516968
69,6.033898830413818,147.83090209960938,182.07046508789062,294.408203125,0.6319462656974792
69,783.0104370117188,173.5933837890625,826.96875,206.89395141601562,0.5936843752861023
69,779.4239501953125,174.24334716796875,815.2201538085938,200.41033935546875,0.4652183949947357
70,838.5341796875,183.87525939941406,1025.1591796875,303.8321228027344,0.9862572550773621
70,810.175048828125,175.39971923828125,923.337890625,252.8861541748047,0.9287694692611694
70,765.2779541015625,171.3118896484375,815.7753295898438,211.8068389892578,0.8334585428237915
70,494.02734375,165.8841552734375,544.764404296875,197.7517852783203,0.6420055031776428
70,631.1691284179688,170.1435546875,656.8035888671875,187.19534301757812,0.6149450540542603
70,4.471288681030273,145.65577697753906,130.21517944335938,296.44873046875,0.5715423226356506
70,756.6036376953125,172.95083618164062,793.316162109375,201.33157348632812,0.5420659780502319
71,828.5259399414062,182.57949829101562,1026.4881591796875,311.9278259277344,0.9885093569755554
71,798.53076171875,174.916259765625,917.484619140625,253.9715118408203,0.9384363293647766
71,751.3956298828125,169.81214904785156,802.9517822265625,214.18797302246094,0.8100961446762085
71,612.4635620117188,170.20298767089844,638.1417236328125,187.2907257080078,0.7209340333938599
71,467.36346435546875,166.07077026367188,520.6509399414062,200.4656524658203,0.7062848806381226
71,740.9120483398438,172.55885314941406,778.32568359375,201.0709686279297,0.4736487865447998
71,734.69189453125,170.30320739746094,767.712646484375,195.2407989501953,0.46431323885917664
72,818.5950927734375,185.1812744140625,1036.1187744140625,319.0050354003906,0.9911878108978271
72,787.4808349609375,174.94554138183594,908.21728515625,258.6149597167969,0.9652647376060486
72,737.01708984375,172.35601806640625,789.2461547851562,217.0318145751953,0.8795382976531982
72,439.3265075683594,169.23182678222656,498.36956787109375,205.50576782226562,0.8565773963928223
72,593.8514404296875,173.38302612304688,619.44384765625,190.4626007080078,0.655768096446991
72,722.9258422851562,173.9683380126953,757.702392578125,200.78994750976562,0.5346744656562805
73,815.8612670898438,189.110107421875,1047.4248046875,329.1702575683594,0.9908034801483154
73,778.7302856445312,177.01181030273438,908.4888305664062,264.13201904296875,0.9767271280288696
73,726.0228881835938,175.15606689453125,777.885009765625,220.22059631347656,0.9248246550559998
73,414.0685729980469,172.64552307128906,477.54736328125,210.79052734375,0.8344593048095703
73,704.715087890625,176.1231231689453,737.4373779296875,198.88519287109375,0.5843873620033264
73,577.92822265625,175.951171875,602.4999389648438,193.15621948242188,0.5691565871238708
73,714.5222778320312,177.97726440429688,750.9524536132812,204.2843475341797,0.48232465982437134
74,815.325439453125,190.65560913085938,1071.916259765625,344.3335266113281,0.9842435121536255
74,772.7571411132812,178.14724731445312,908.1187133789062,270.40081787109375,0.9706488847732544
74,717.0509643554688,176.00765991210938,770.1408081054688,221.70098876953125,0.9409847259521484
74,562.3851318359375,177.71107482910156,590.4615478515625,194.93270874023438,0.7448400855064392
74,392.7812805175781,173.90090942382812,457.999755859375,212.62982177734375,0.729827344417572
74,710.6053466796875,178.0471954345703,755.072265625,212.39051818847656,0.5291653871536255
74,694.4874267578125,176.0932159423828,725.6039428710938,199.5436248779297,0.4973612427711487
75,820.2308959960938,192.40509033203125,1103.5458984375,357.76763916015625,0.9911647439002991
75,771.4597778320312,178.68844604492188,915.1581420898438,272.7923583984375,0.9786791205406189
75,709.7132568359375,175.39041137695312,765.19091796875,222.05511474609375,0.9110097885131836
75,371.5677185058594,172.89691162109375,436.6069641113281,213.41683959960938,0.8095260858535767
75,551.1639404296875,177.234619140625,578.4253540039062,194.26327514648438,0.7730013728141785
75,700.8313598632812,178.48153686523438,741.816650390625,210.24766540527344,0.5325754284858704
76,820.2562255859375,193.52413940429688,1156.6998291015625,365.7113952636719,0.9843834638595581
76,768.2594604492188,179.31027221679688,919.6353759765625,279.2262878417969,0.979665219783783
76,702.8778686523438,175.94129943847656,760.669921875,222.7252655029297,0.8953191637992859
76,346.9546203613281,172.63278198242188,419.4083251953125,216.02969360351562,0.8267606496810913
76,538.82861328125,176.59356689453125,567.271240234375,195.0325469970703,0.7815947532653809
76,693.2393188476562,178.47723388671875,733.5360107421875,210.12066650390625,0.6148340106010437
76,680.3143920898438,178.3988494873047,715.2406616210938,202.13795471191406,0.48101547360420227
77,766.3182983398438,179.6719512939453,928.0074462890625,285.78399658203125,0.9819319248199463
77,829.7903442382812,197.15252685546875,1207.875244140625,366.1684265136719,0.9802578091621399
77,695.7842407226562,175.5828094482422,755.8810424804688,223.31814575195312,0.867695689201355
77,526.7658081054688,177.0758056640625,555.1158447265625,195.68280029296875,0.8438723683357239
77,321.6839599609375,171.9071807861328,399.97686767578125,219.39405822753906,0.8376008868217468
77,684.5869750976562,178.4084014892578,726.7726440429688,210.66981506347656,0.513289749622345
77,672.6527709960938,178.16485595703125,708.2811279296875,202.81939697265625,0.4549286663532257
78,842.1449584960938,198.82351684570312,1219.0963134765625,365.23638916015625,0.9865460395812988
78,767.0260620117188,179.67457580566406,942.034423828125,293.87060546875,0.9583483338356018
78,692.7369995117188,177.04469299316406,752.047607421875,226.2683868408203,0.8741087913513184
78,295.6275329589844,173.5750732421875,380.1919860839844,223.17520141601562,0.825831413269043
78,516.1316528320312,177.36793518066406,545.6085205078125,197.01695251464844,0.7275168299674988
78,688.165771484375,178.139892578125,740.2636108398438,218.82969665527344,0.6382047533988953
78,677.8103637695312,179.18678283691406,718.347900390625,210.11575317382812,0.5463560819625854
78,665.7405395507812,178.58802795410156,699.9356079101562,203.55392456054688,0.4217202067375183
79,859.6219482421875,199.5748748779297,1218.2359619140625,364.5103759765625,0.9850775599479675
79,770.7933959960938,180.3133544921875,968.7575073242188,301.4815979003906,0.9600800275802612
79,691.147216796875,176.4796905517578,752.04052734375,227.24497985839844,0.9459505081176758
79,268.9402160644531,173.35870361328125,362.4071044921875,225.34364318847656,0.8415693044662476
79,505.2911071777344,177.4332733154297,537.1160888671875,197.38990783691406,0.7935903072357178
79,684.107666015625,176.4847869873047,741.2827758789062,219.7732696533203,0.7104560732841492
79,674.8195190429688,178.5825653076172,714.3096313476562,209.92770385742188,0.6610113382339478
80,882.8399047851562,198.8834991455078,1216.79638671875,365.8209533691406,0.9855318069458008
80,777.533935546875,179.6505584716797,992.5736083984375,310.5189208984375,0.9718681573867798
80,690.97265625,176.34555053710938,751.9281005859375,228.3031768798828,0.9430543780326843
80,496.2837219238281,176.7126922607422,530.5184326171875,197.41555786132812,0.7957801222801208
80,240.7783660888672,172.9480743408203,343.53204345703125,228.91207885742188,0.7591693997383118
80,683.6361694335938,175.79226684570312,742.0440063476562,220.75582885742188,0.7534446716308594
80,673.0474243164062,178.3154754638672,715.72314453125,210.67051696777344,0.6261867880821228
81,783.3096313476562,178.80459594726562,1024.615234375,324.6808776855469,0.9822134971618652
81,910.5970458984375,200.4499969482422,1219.3753662109375,365.2696838378906,0.9707715511322021
81,689.9712524414062,174.91114807128906,753.11669921875,228.50830078125,0.9403439164161682
81,680.39892578125,174.69717407226562,739.6201171875,220.0220184326172,0.7836271524429321
81,212.9198455810547,171.4525604248047,320.6729431152344,230.6920928955078,0.6743902564048767
81,487.8262939453125,175.17449951171875,522.8860473632812,196.01107788085938,0.6415475606918335
81,669.4287109375,177.0392608642578,711.9590454101562,209.99136352539062,0.5770508646965027
82,793.0248413085938,180.38955688476562,1055.294677734375,333.2774963378906,0.9821853041648865
82,950.8539428710938,209.79383850097656,1217.8360595703125,363.6982116699219,0.9473655223846436
82,689.4014892578125,174.52674865722656,754.3203125,229.30447387695312,0.9370719194412231
82,479.21868896484375,175.49635314941406,513.1234130859375,197.0960235595703,0.8563257455825806
82,678.8724975585938,174.5208740234375,738.8438110351562,220.18359375,0.8522331714630127
82,179.0841064453125,170.4400177001953,300.14923095703125,233.28842163085938,0.7042797207832336
82,662.6364135742188,176.1903076171875,702.5465698242188,206.50445556640625,0.5733404755592346
82,668.99951171875,176.8064727783203,712.6398315429688,210.53810119628906,0.569311261177063
83,802.3493041992188,181.28663635253906,1105.9432373046875,352.423828125,0.9794313311576843
83,687.6610717773438,174.2090606689453,756.715087890625,230.08924865722656,0.9166701436042786
83,469.89849853515625,175.41513061523438,505.5596008300781,198.23387145996094,0.8988582491874695
83,678.4402465820312,174.70913696289062,739.5372924804688,221.36080932617188,0.8854780197143555
83,1005.6016235351562,215.7811279296875,1216.120849609375,364.40057373046875,0.7962012887001038
83,658.50830078125,176.03762817382812,700.397705078125,207.3530731201172,0.6244521141052246
83,664.6796875,176.40771484375,709.583984375,210.83486938476562,0.6019513010978699
83,141.48680114746094,170.6549835205078,275.91015625,238.3666229248047,0.5026325583457947
84,814.9925537109375,180.51400756835938,1170.4635009765625,363.026611328125,0.9830206632614136
84,678.5150756835938,174.58963012695312,740.0951538085938,222.14794921875,0.9245776534080505
84,688.69921875,173.11927795410156,760.7139892578125,232.13780212402344,0.9061439037322998
84,460.4900817871094,175.35247802734375,498.7745056152344,198.75950622558594,0.8793937563896179
84,667.142333984375,175.8311309814453,712.7033081054688,211.95779418945312,0.7217689752578735
84,658.2938842773438,175.81956481933594,699.1239624023438,206.9796905517578,0.636300802230835
84,647.5101318359375,175.25901794433594,680.8712768554688,198.85435485839844,0.5165712833404541
84,103.68718719482422,168.43646240234375,249.71234130859375,241.46841430664062,0.513154923915863
84,1072.523193359375,205.74249267578125,1210.6751708984375,367.0662536621094,0.4336818754673004
85,831.4598388671875,179.95132446289062,1222.015625,363.7453308105469,0.9864423274993896
85,677.7874755859375,172.67465209960938,746.6063232421875,223.95668029785156,0.9117342829704285
85,452.6941223144531,174.9393768310547,492.2162780761719,199.59771728515625,0.9076167345046997
85,691.60205078125,172.30674743652344,767.10400390625,233.99160766601562,0.8867461681365967
85,658.265380859375,175.14642333984375,699.75927734375,207.57730102539062,0.7169207334518433
85,667.3203735351562,174.99319458007812,714.0719604492188,212.6598663330078,0.680095911026001
85,55.948081970214844,168.74728393554688,221.2804412841797,248.81893920898438,0.4339641332626343
86,851.0881958007812,178.95242309570312,1219.5535888671875,365.4272766113281,0.9856060147285461
86,681.52294921875,173.26235961914062,747.5980834960938,225.30613708496094,0.8794794678688049
86,696.8253784179688,171.87794494628906,773.4404907226562,239.51486206054688,0.8658800721168518
86,445.15557861328125,175.46424865722656,486.7828369140625,200.8790740966797,0.8138412833213806
86,669.6233520507812,175.01295471191406,717.7671508789062,214.80853271484375,0.7545281052589417
86,658.6162109375,175.48934936523438,700.4319458007812,208.19244384765625,0.7261363863945007
86,647.6351928710938,174.10531616210938,680.5560302734375,198.61581420898438,0.46419262886047363
86,9.326947212219238,169.9698486328125,191.12355041503906,255.94007873535156,0.4048720598220825
87,879.988525390625,182.6415252685547,1218.6761474609375,365.6192321777344,0.988457977771759
87,683.5687255859375,174.1452178955078,752.3441162109375,228.16229248046875,0.9177423119544983
87,700.0582885742188,172.2225799560547,781.495361328125,241.42523193359375,0.8809884190559387
87,436.3954162597656,176.894287109375,480.5137634277344,202.85581970214844,0.7948952913284302
87,669.446533203125,175.3122100830078,718.093505859375,215.46327209472656,0.7584627866744995
87,647.4888916015625,174.76687622070312,681.6917724609375,199.73988342285156,0.5922254323959351
87,659.1170043945312,176.65684509277344,700.6566162109375,210.05027770996094,0.5847485065460205
88,910.1941528320312,183.47848510742188,1219.5560302734375,365.13433837890625,0.9808101058006287
88,703.1968994140625,172.5202178955078,793.59814453125,248.84454345703125,0.9306326508522034
88,687.5620727539062,174.6384735107422,756.4493408203125,230.04550170898438,0.9268282055854797
88,673.3247680664062,176.7978057861328,721.6875610351562,218.1548309326172,0.8186384439468384
88,428.5493469238281,177.41143798828125,473.320556640625,204.32289123535156,0.785661518573761
88,661.740966796875,176.2987060546875,704.3198852539062,211.71571350097656,0.6854245662689209
88,649.6609497070312,176.77784729003906,684.2689819335938,202.2040557861328,0.5472080707550049
88,0.5250576734542847,175.4558868408203,109.47212982177734,274.572998046875,0.40853437781333923
89,954.9357299804688,179.40078735351562,1220.4896240234375,363.7840576171875,0.9612242579460144
89,710.6123046875,172.84292602539062,805.8215942382812,256.06353759765625,0.9479436278343201
89,690.7306518554688,174.7198486328125,764.5066528320312,232.1205596923828,0.9227194786071777
89,676.3756713867188,176.96231079101562,726.9085693359375,220.76675415039062,0.8448370099067688
89,419.24774169921875,177.70144653320312,467.3627014160156,206.15843200683594,0.7669225335121155
89,662.3175048828125,175.9824981689453,704.2261962890625,211.77516174316406,0.7620855569839478
89,649.9013671875,176.36094665527344,683.7574462890625,202.49583435058594,0.6111389398574829
89,-1.3087354898452759,173.8528594970703,57.433780670166016,276.8367919921875,0.4003482758998871
90,716.5745849609375,173.86024475097656,817.375732421875,261.1725158691406,0.9672622680664062
90,693.474853515625,174.6799774169922,770.839111328125,234.8907470703125,0.9186147451400757
90,675.5357666015625,177.4429168701172,729.156494140625,221.3517303466797,0.8694542646408081
90,1006.9334716796875,184.95030212402344,1223.5089111328125,365.1806640625,0.868676483631134
90,410.7738342285156,178.63531494140625,459.4670715332031,207.97000122070312,0.8172599673271179
90,663.314208984375,176.2105712890625,709.469970703125,214.24952697753906,0.7724289298057556
90,650.64306640625,175.71804809570312,684.95068359375,203.2743377685547,0.7120835781097412
91,722.7855224609375,173.0937042236328,832.9622802734375,267.6106872558594,0.9663639068603516
91,696.7451171875,174.48463439941406,781.61669921875,237.15542602539062,0.9449999928474426
91,399.9564208984375,178.9764862060547,452.3382873535156,209.8070526123047,0.9070314764976501
91,679.3016967773438,178.1107177734375,733.3261108398438,223.91165161132812,0.8207739591598511
91,651.3966064453125,175.68490600585938,685.2415771484375,203.14923095703125,0.6915686726570129
91,666.180419921875,176.33340454101562,713.1614379882812,215.298095703125,0.6337088346481323
91,1096.9130859375,195.15606689453125,1217.286865234375,369.87823486328125,0.6024589538574219
92,730.6759033203125,173.8367462158203,850.6414184570312,275.1309509277344,0.9703693389892578
92,701.05615234375,175.18740844726562,794.03515625,242.44015502929688,0.9485751986503601
92,388.2200622558594,179.46107482910156,443.2523498535156,211.8404083251953,0.8882043957710266
92,681.7951049804688,177.78501892089844,739.09375,225.5127716064453,0.8495028018951416
92,652.723388671875,176.39334106445312,688.4224853515625,205.05836486816406,0.8136049509048462
92,668.8294677734375,176.57275390625,717.8367309570312,218.1444091796875,0.6717560887336731
93,741.5496826171875,173.97129821777344,874.1491088867188,283.9884033203125,0.970460057258606
93,704.2623291015625,174.1656951904297,805.095458984375,246.34422302246094,0.9679467678070068
93,683.8128051757812,176.66287231445312,749.5070190429688,228.6770477294922,0.9206123948097229
93,374.3575744628906,180.4618377685547,433.7494812011719,213.90663146972656,0.8650896549224854
93,652.7219848632812,176.05064392089844,690.0335083007812,206.3292694091797,0.8442969918251038
93,669.7355346679688,176.6095733642578,719.9207763671875,219.08131408691406,0.7579646110534668
94,751.700439453125,173.93528747558594,896.7232666015625,291.0910949707031,0.9825930595397949
94,710.1871948242188,173.04244995117188,816.2254028320312,249.45809936523438,0.9586926698684692
94,361.7860107421875,180.18260192871094,423.5466613769531,215.79310607910156,0.9253526926040649
94,687.1444702148438,176.23878479003906,753.1052856445312,229.0804443359375,0.9099133610725403
94,653.50244140625,175.41729736328125,690.890625,206.65411376953125,0.830253541469574
94,671.460205078125,175.46951293945312,724.571044921875,220.12400817871094,0.7657691240310669
95,764.85791015625,174.2057647705078,928.075927734375,300.63433837890625,0.96706622838974
95,714.8719482421875,172.78558349609375,832.1275634765625,256.1772155761719,0.961439847946167
95,690.366943359375,175.75198364257812,759.3018798828125,230.53689575195312,0.9331260323524475
95,346.8055725097656,180.11593627929688,413.12060546875,217.5077362060547,0.923979640007019
95,673.67822265625,174.79888916015625,729.2731323242188,221.23452758789062,0.7796208262443542
95,653.6304931640625,175.03675842285156,691.4900512695312,206.66226196289062,0.7702246904373169
96,775.3939819335938,176.2865447998047,965.9286499023438,319.118896484375,0.970532238483429
96,720.5812377929688,174.49851989746094,849.839599609375,262.5138854980469,0.966596782207489
96,693.2802734375,175.93199157714844,769.537109375,234.83116149902344,0.8903221487998962
96,328.74029541015625,181.2125701904297,401.8816223144531,220.50222778320312,0.8735741972923279
96,654.8038330078125,175.53988647460938,694.9237060546875,208.01380920410156,0.8369072079658508
96,675.3822631835938,175.9525909423828,734.1544189453125,223.11935424804688,0.7395733594894409
96,581.8353881835938,174.72152709960938,601.2432250976562,188.95071411132812,0.40268373489379883
97,728.4688110351562,174.99794006347656,866.5115356445312,270.0545349121094,0.9746512770652771
97,789.1895141601562,178.09449768066406,1013.9132080078125,339.4669494628906,0.9690579175949097
97,307.7189636230469,181.11143493652344,390.4106750488281,223.4218292236328,0.9058675765991211
97,696.6798706054688,177.1593475341797,777.361328125,237.6624755859375,0.9035660624504089
97,677.7527465820312,176.47714233398438,739.2930297851562,226.79115295410156,0.8255036473274231
97,655.8773803710938,176.39828491210938,694.9649047851562,207.9119873046875,0.7274774312973022
97,579.3567504882812,174.73165893554688,600.943603515625,189.36643981933594,0.4283924102783203
98,735.6097412109375,174.97665405273438,891.2296142578125,282.68701171875,0.976379930973053
98,806.0507202148438,179.5699920654297,1079.731689453125,362.2595520019531,0.9744040966033936
98,699.7984619140625,178.24212646484375,787.0180053710938,243.057861328125,0.9574151039123535
98,285.8261413574219,181.20635986328125,376.789306640625,226.0644989013672,0.8851281404495239
98,680.0927734375,177.59158325195312,740.5034790039062,226.92822265625,0.8827149868011475
98,656.7192993164062,177.6370391845703,694.9238891601562,209.08518981933594,0.7383225560188293
98,577.1382446289062,175.668701171875,597.6244506835938,190.44424438476562,0.4525024890899658
99,745.9349975585938,176.0529022216797,918.3698120117188,291.2204284667969,0.9682313203811646
99,830.542724609375,179.237060546875,1162.291015625,364.2498779296875,0.9666866660118103
99,703.7371215820312,177.78485107421875,797.9518432617188,248.66293334960938,0.9610483050346375
99,265.7009582519531,180.8804473876953,359.2681884765625,229.27362060546875,0.9255912899971008
99,683.0653686523438,176.5601348876953,749.2379150390625,230.25721740722656,0.8478362560272217
99,658.6080932617188,177.3014373779297,698.10009765625,210.2232208251953,0.6931145191192627
99,573.2705688476562,174.449462890625,593.9351806640625,190.98692321777344,0.6568713188171387
100,863.4447631835938,178.4587860107422,1219.9544677734375,365.14837646484375,0.9846988320350647
100,755.1173095703125,174.28114318847656,955.4849853515625,305.6847839355469,0.9734885096549988
100,708.843017578125,178.0087432861328,808.4550170898438,252.09437561035156,0.9565911293029785
100,239.17922973632812,180.548095703125,340.8407897949219,231.34640502929688,0.9202820062637329
100,685.2408447265625,176.72467041015625,755.7291870117188,232.9555206298828,0.8809751272201538
100,658.7113037109375,177.143798828125,700.3231201171875,211.07911682128906,0.7388827204704285
100,570.0211181640625,174.84130859375,591.88330078125,191.48382568359375,0.657891571521759
101,905.9282836914062,178.8260498046875,1216.50244140625,364.1761779785156,0.9832740426063538
101,769.3485717773438,173.5006866455078,994.505615234375,317.0318908691406,0.9739384651184082
101,714.2568969726562,176.3380584716797,821.4176025390625,258.6260681152344,0.9606049060821533
101,209.01898193359375,179.391845703125,321.4284973144531,233.95419311523438,0.9476105570793152
101,687.701904296875,175.74757385253906,762.8558959960938,234.33145141601562,0.8930043578147888
101,660.5064086914062,176.06307983398438,704.1475830078125,210.9160919189453,0.7620058655738831
101,566.47216796875,173.7657012939453,590.1557006835938,190.7475128173828,0.737013578414917
101,677.6251220703125,175.35935974121094,733.2907104492188,219.46368408203125,0.5211990475654602
102,783.1921997070312,173.53759765625,1041.7557373046875,337.7748718261719,0.9835424423217773
102,720.01611328125,176.02224731445312,837.3218994140625,265.3283996582031,0.9720879793167114
102,957.7619018554688,178.22251892089844,1218.712158203125,364.4610900878906,0.9616876244544983
102,171.05284118652344,180.13107299804688,299.59674072265625,238.7917022705078,0.9411763548851013
102,689.8988037109375,174.27218627929688,773.1614990234375,236.77488708496094,0.9211258292198181
102,562.413818359375,173.6868133544922,586.8872680664062,190.89625549316406,0.7541643977165222
102,659.1620483398438,175.1923065185547,705.8005981445312,211.21487426757812,0.6813506484031677
102,678.1366577148438,174.80584716796875,739.3682250976562,220.83970642089844,0.5975432991981506
103,801.8646240234375,174.9054718017578,1107.3587646484375,360.0027160644531,0.9820693731307983
103,727.145751953125,177.14402770996094,853.4150390625,271.4561462402344,0.9758847951889038
103,693.7094116210938,174.39735412597656,780.0896606445312,239.29400634765625,0.9458528161048889
103,127.0911636352539,181.02223205566406,274.51153564453125,243.9105224609375,0.922267735004425
103,1038.5509033203125,182.77603149414062,1221.9569091796875,366.5155944824219,0.8873993158340454
103,558.0382690429688,173.96778869628906,583.59423828125,191.8191680908203,0.7751506567001343
103,680.5392456054688,176.25390625,739.916259765625,221.93284606933594,0.774929404258728
103,660.6436157226562,175.10731506347656,711.0309448242188,213.358154296875,0.7249972224235535
104,736.3050537109375,178.17312622070312,874.8323974609375,280.83062744140625,0.9838197827339172
104,824.738525390625,177.56118774414062,1213.8585205078125,364.8568420410156,0.9810845255851746
104,696.9212646484375,175.9788055419922,789.869140625,245.71119689941406,0.9703394770622253
104,79.94131469726562,182.3258056640625,244.4817352294922,251.32420349121094,0.9359302520751953
104,683.3180541992188,178.53526306152344,744.9915771484375,225.31903076171875,0.8422161340713501
104,660.7977294921875,176.0778350830078,712.6819458007812,215.1134796142578,0.7493081092834473
104,553.3110961914062,176.67564392089844,579.9716796875,194.15260314941406,0.5934481024742126
105,854.5208740234375,177.21461486816406,1216.031005859375,366.0478515625,0.9881516098976135
105,747.8120727539062,179.3513946533203,906.4007568359375,294.2886657714844,0.981383740901947
105,701.7235107421875,177.37954711914062,800.1730346679688,251.8044891357422,0.9745544195175171
105,16.51063346862793,183.141845703125,208.8489227294922,260.93865966796875,0.915908694267273
105,664.924560546875,177.7551727294922,716.40625,218.07998657226562,0.8523926138877869
105,685.3334350585938,179.11643981933594,750.4191284179688,228.21798706054688,0.8302873969078064
105,548.659423828125,177.45510864257812,574.8821411132812,196.76876831054688,0.7026709318161011
