0,952.84130859375,182.94357299804688,1069.5467529296875,234.19224548339844,0.9382169246673584
0,1029.4251708984375,184.348388671875,1155.7659912109375,233.03317260742188,0.906326174736023
0,1095.4849853515625,185.86181640625,1220.1968994140625,235.4932861328125,0.9042367339134216
0,602.6823120117188,172.67996215820312,635.9164428710938,203.05972290039062,0.7669253349304199
1,953.2272338867188,182.7162322998047,1068.890380859375,234.2963409423828,0.9448726773262024
1,1029.43212890625,183.92958068847656,1156.076904296875,233.34271240234375,0.9194255471229553
1,1095.26708984375,185.743408203125,1220.4149169921875,235.6171417236328,0.9068790078163147
1,602.8597412109375,172.83990478515625,635.9539794921875,203.02645874023438,0.7697673439979553
2,1095.114990234375,185.75999450683594,1219.948974609375,235.6811065673828,0.9529260396957397
2,953.5432739257812,182.78562927246094,1068.5960693359375,234.15025329589844,0.9424063563346863
2,1029.998291015625,184.1119384765625,1155.5615234375,233.1302490234375,0.9286342859268188
2,602.6724853515625,173.00537109375,636.3395385742188,203.07920837402344,0.7415437698364258
2,598.547119140625,174.06626892089844,622.2490844726562,192.7931365966797,0.4283367097377777
3,1095.3739013671875,185.87742614746094,1219.6826171875,235.654052734375,0.9534158110618591
3,953.3218994140625,182.78384399414062,1068.6591796875,234.24005126953125,0.9431380033493042
3,1029.9276123046875,184.16505432128906,1155.506103515625,233.03077697753906,0.9290097951889038
3,602.6510009765625,172.9058837890625,636.3613891601562,202.90768432617188,0.7637898921966553
4,1095.1829833984375,185.9298858642578,1219.5611572265625,235.68234252929688,0.956480860710144
4,953.2922973632812,182.82122802734375,1069.0872802734375,234.34890747070312,0.9503986239433289
4,1029.962646484375,184.1822967529297,1155.5374755859375,233.05825805664062,0.9303446412086487
4,602.5944213867188,172.83383178710938,636.4086303710938,202.81106567382812,0.758868932723999
4,598.5835571289062,173.7980499267578,622.4005126953125,192.94683837890625,0.41180944442749023
5,1095.0516357421875,185.9274444580078,1219.80224609375,235.7626953125,0.9575296640396118
5,953.566162109375,182.81004333496094,1068.7877197265625,234.28033447265625,0.9480546116828918
5,1029.6826171875,184.1851043701172,1155.526123046875,233.08135986328125,0.9370493292808533
5,602.8759155273438,172.34420776367188,637.10595703125,203.46160888671875,0.7649931907653809
5,598.5922241210938,173.76034545898438,622.6829833984375,192.93104553222656,0.41441458463668823
6,1094.794921875,185.88970947265625,1219.9144287109375,235.83258056640625,0.9562547206878662
6,953.6056518554688,182.8782196044922,1068.6888427734375,234.22625732421875,0.9480125904083252
6,1029.5225830078125,184.1974334716797,1155.7388916015625,233.0855712890625,0.9377114176750183
6,602.7069091796875,172.43502807617188,637.2549438476562,203.5354766845703,0.7595735788345337
7,1094.8046875,185.8560333251953,1219.5538330078125,235.692626953125,0.9591082334518433
7,953.71630859375,182.8560028076172,1068.5740966796875,234.1618194580078,0.9480621814727783
7,1029.6787109375,184.29388427734375,1155.603759765625,232.94508361816406,0.9354466199874878
7,602.5775756835938,172.39300537109375,637.3843994140625,203.3939208984375,0.7650555968284607
7,598.3289794921875,173.59983825683594,623.0882568359375,192.85455322265625,0.4321146607398987
8,1094.67724609375,185.85354614257812,1219.8680419921875,235.62521362304688,0.9599096179008484
8,953.6511840820312,182.86363220214844,1068.6708984375,234.1893768310547,0.9489122033119202
8,1029.57568359375,184.18612670898438,1155.676513671875,232.9481658935547,0.9353767037391663
8,602.1416625976562,172.93069458007812,636.8877563476562,202.74896240234375,0.7643457055091858
8,598.1290283203125,173.61207580566406,623.0346069335938,192.82371520996094,0.4287242889404297
9,1094.2808837890625,185.91983032226562,1219.7733154296875,235.7939453125,0.9588372111320496
9,953.800537109375,182.89208984375,1068.5064697265625,234.25314331054688,0.9517666101455688
9,1029.54150390625,184.1815948486328,1155.39453125,233.11557006835938,0.9430109858512878
9,601.9601440429688,172.89337158203125,637.066162109375,202.87648010253906,0.7748439908027649
9,598.0379638671875,173.45835876464844,623.3779907226562,193.0815887451172,0.4205830991268158
10,1094.2159423828125,185.91915893554688,1219.73046875,235.79115295410156,0.957630455493927
10,954.0365600585938,182.9197235107422,1068.19384765625,234.19705200195312,0.9504744410514832
10,1029.59130859375,184.1398162841797,1155.2872314453125,233.12185668945312,0.9438995718955994
10,602.08349609375,172.96156311035156,636.9297485351562,202.81028747558594,0.772241473197937
10,598.06103515625,173.35940551757812,623.372314453125,192.80438232421875,0.47965359687805176
11,1094.114013671875,185.83177185058594,1219.7427978515625,235.93316650390625,0.9585110545158386
11,954.2279663085938,182.84954833984375,1067.7779541015625,234.1649627685547,0.9471936225891113
11,1029.7320556640625,184.13848876953125,1155.21240234375,233.16546630859375,0.9449471831321716
11,602.398193359375,173.06451416015625,636.5884399414062,202.7286376953125,0.7778297662734985
11,598.33154296875,173.18064880371094,623.29638671875,192.7254638671875,0.4770427644252777
12,1094.0604248046875,185.79135131835938,1219.991455078125,235.92677307128906,0.9601925611495972
12,954.144775390625,182.8213348388672,1067.763671875,234.17697143554688,0.9470985531806946
12,1029.867919921875,184.11993408203125,1155.1728515625,233.13475036621094,0.9435065388679504
12,602.3666381835938,173.0010986328125,636.6841430664062,202.71543884277344,0.7697486281394958
12,598.2750854492188,173.14071655273438,623.416259765625,192.69277954101562,0.4884839653968811
13,1094.0032958984375,185.82388305664062,1219.817626953125,235.86888122558594,0.9567757844924927
13,954.31591796875,182.8302459716797,1067.864013671875,234.22877502441406,0.9511383175849915
13,1030.0447998046875,184.14688110351562,1155.0621337890625,233.11270141601562,0.9425942301750183
13,602.215576171875,173.0645751953125,636.7754516601562,202.6154022216797,0.7609499096870422
13,597.9227294921875,173.04385375976562,623.6702880859375,192.73251342773438,0.5241678953170776
14,1093.88330078125,185.73580932617188,1219.8424072265625,235.90713500976562,0.9581172466278076
14,954.1670532226562,182.76400756835938,1067.78955078125,234.3247833251953,0.9515488147735596
14,1030.4703369140625,184.15464782714844,1154.896240234375,233.08038330078125,0.939509391784668
14,602.1461791992188,173.04006958007812,636.781494140625,202.76173400878906,0.7848581671714783
14,597.7374267578125,173.06578063964844,623.8433227539062,192.8726806640625,0.48082590103149414
15,1093.6231689453125,185.7440643310547,1219.907470703125,235.96353149414062,0.955747127532959
15,954.2080078125,182.762939453125,1067.8729248046875,234.3349609375,0.952335774898529
15,1030.3963623046875,184.0978240966797,1154.64404296875,233.0782012939453,0.9426776170730591
15,602.1754760742188,173.07814025878906,636.6715087890625,202.7869415283203,0.7923682928085327
15,597.8616943359375,173.1126708984375,623.1947631835938,192.5947265625,0.5001962184906006
16,954.1921997070312,182.7892303466797,1067.9061279296875,234.3591766357422,0.9532701969146729
16,1093.4534912109375,185.65768432617188,1219.8201904296875,236.08673095703125,0.9529325366020203
16,1030.39111328125,184.11952209472656,1154.614013671875,233.012939453125,0.9442190527915955
16,602.2168579101562,173.09312438964844,636.5396728515625,202.86512756347656,0.8029956221580505
16,598.0925903320312,173.22232055664062,623.2268676757812,192.6691436767578,0.5102427005767822
17,1093.6474609375,185.69888305664062,1219.75927734375,236.14028930664062,0.9529947638511658
17,954.2763671875,182.77821350097656,1067.755615234375,234.32772827148438,0.951372504234314
17,1030.3828125,184.1361846923828,1154.7318115234375,233.08901977539062,0.9440215826034546
17,602.6290893554688,173.0133056640625,636.1858520507812,202.7338409423828,0.8030597567558289
17,598.3176879882812,173.16665649414062,622.890625,192.6103515625,0.4820185899734497
18,1093.4683837890625,185.6923370361328,1220.0159912109375,235.9980926513672,0.9543672800064087
18,954.3452758789062,182.80030822753906,1067.634765625,234.17715454101562,0.9471368193626404
18,1030.3011474609375,184.183837890625,1154.579833984375,232.99502563476562,0.942455530166626
18,602.5398559570312,172.9178924560547,636.1506958007812,202.74240112304688,0.8083017468452454
18,598.2506713867188,173.23890686035156,622.7142944335938,192.72132873535156,0.48622339963912964
19,1093.5272216796875,185.70802307128906,1220.0528564453125,235.9357147216797,0.9549382328987122
19,954.2394409179688,182.8019256591797,1067.7738037109375,234.1450958251953,0.9456186890602112
19,1030.7120361328125,184.22265625,1154.57861328125,232.916015625,0.9366804957389832
19,602.673095703125,173.05853271484375,635.8601684570312,202.59608459472656,0.824454128742218
19,598.3397216796875,173.55886840820312,622.3534545898438,192.93914794921875,0.48761025071144104
20,1093.7689208984375,185.7644500732422,1220.0252685546875,235.97573852539062,0.9544419050216675
20,953.8483276367188,182.87750244140625,1068.1456298828125,234.09559631347656,0.9439331889152527
20,1030.373291015625,184.13638305664062,1154.5863037109375,233.08668518066406,0.9437891840934753
20,602.691650390625,172.92095947265625,636.0584716796875,202.88592529296875,0.7938290238380432
20,598.09130859375,173.340087890625,622.8395385742188,193.55335998535156,0.41497743129730225
21,1093.4915771484375,185.75315856933594,1220.3616943359375,235.9586639404297,0.9538568258285522
21,954.347412109375,182.85092163085938,1067.9759521484375,234.08462524414062,0.9421902298927307
21,1030.2781982421875,184.1669158935547,1155.0540771484375,233.095703125,0.9399169087409973
21,602.1040649414062,173.0899200439453,636.5191650390625,202.6062774658203,0.8176378607749939
21,598.031494140625,173.3271942138672,623.1027221679688,193.48452758789062,0.46576663851737976
22,1093.80419921875,185.75350952148438,1219.963134765625,235.83909606933594,0.9534474611282349
22,1030.41064453125,184.17674255371094,1154.7763671875,233.05877685546875,0.9390150308609009
22,954.2338256835938,182.8470916748047,1067.568359375,234.03445434570312,0.9214209318161011
22,601.7042236328125,172.95899963378906,636.786865234375,202.5599365234375,0.8154394030570984
22,597.3009643554688,173.05833435058594,623.6612548828125,193.61050415039062,0.5166435837745667
23,1093.5299072265625,185.7093505859375,1220.3885498046875,236.0182647705078,0.9538041949272156
23,1030.1827392578125,184.1972198486328,1155.2740478515625,233.02879333496094,0.9346795678138733
23,953.9956665039062,182.73345947265625,1067.7572021484375,234.12147521972656,0.9118799567222595
23,601.6173095703125,172.75482177734375,637.0040283203125,202.42066955566406,0.7976400852203369
23,596.1580200195312,172.6455078125,624.8929443359375,194.0238037109375,0.49925336241722107
24,1093.169677734375,185.47598266601562,1220.87060546875,236.12469482421875,0.9558320641517639
24,1029.8792724609375,184.28475952148438,1155.485107421875,232.97384643554688,0.931537389755249
24,950.80126953125,182.47882080078125,1066.7593994140625,234.33364868164062,0.881485641002655
24,601.3534545898438,172.6992950439453,637.30517578125,202.40122985839844,0.7707287073135376
24,596.6918334960938,172.67323303222656,623.830322265625,193.6152801513672,0.4443106949329376
25,1093.3887939453125,185.50025939941406,1220.846923828125,236.14085388183594,0.9569180607795715
25,1029.9676513671875,184.32395935058594,1155.463134765625,233.047119140625,0.9289501309394836
25,954.5487670898438,182.4973907470703,1067.27587890625,232.61180114746094,0.8800119161605835
25,600.5896606445312,172.30221557617188,637.982421875,202.6312713623047,0.7784472107887268
25,596.9733276367188,172.414794921875,624.0327758789062,193.95120239257812,0.4707277715206146
26,1093.4482421875,185.533447265625,1220.3865966796875,236.04246520996094,0.9563443660736084
26,1029.8466796875,184.22874450683594,1155.3848876953125,233.10684204101562,0.9314878582954407
26,954.8118286132812,182.58612060546875,1067.3106689453125,232.42759704589844,0.9007695317268372
26,601.31494140625,172.95156860351562,636.805908203125,202.0908966064453,0.8015621304512024
27,1093.5546875,185.31170654296875,1220.6024169921875,236.28562927246094,0.9599428176879883
27,1029.695556640625,184.1412353515625,1155.3504638671875,233.2158660888672,0.9355857968330383
27,953.2788696289062,182.41183471679688,1068.67529296875,232.518310546875,0.8980468511581421
27,602.285888671875,173.77720642089844,635.6914672851562,201.74098205566406,0.7956897020339966
28,1094.06982421875,185.3273162841797,1220.6468505859375,236.24273681640625,0.9587721228599548
28,1029.55224609375,184.03131103515625,1155.27294921875,233.24520874023438,0.9366267323493958
28,953.4031982421875,182.5992431640625,1068.1971435546875,232.1345672607422,0.8925725817680359
28,602.3580322265625,173.87928771972656,635.9484252929688,201.96484375,0.8248717188835144
28,598.8771362304688,173.66062927246094,621.9027709960938,193.4253692626953,0.4236133396625519
29,1094.5467529296875,185.36886596679688,1220.211669921875,236.1732940673828,0.9570478796958923
29,1029.3341064453125,183.89306640625,1156.083984375,233.7307586669922,0.926654577255249
29,952.6328125,182.8535919189453,1068.784423828125,231.9868927001953,0.8844165802001953
29,602.613525390625,173.72274780273438,636.0325317382812,201.9264678955078,0.8020505905151367
29,598.7859497070312,173.70896911621094,622.011474609375,193.27696228027344,0.4332370162010193
30,1094.5531005859375,185.3420867919922,1220.139892578125,235.90489196777344,0.9581435322761536
30,1029.1043701171875,183.90692138671875,1156.4078369140625,233.64271545410156,0.9096990823745728
30,953.9989013671875,183.06826782226562,1067.4786376953125,231.84182739257812,0.8871606588363647
30,602.5400390625,173.33358764648438,636.2449340820312,201.82920837402344,0.7942501306533813
31,1094.2913818359375,185.40170288085938,1220.228271484375,235.86058044433594,0.9563759565353394
31,1033.3988037109375,183.90843200683594,1157.4278564453125,233.87088012695312,0.9123960137367249
31,954.3424072265625,182.691650390625,1067.25,234.33074951171875,0.8625132441520691
31,603.3068237304688,172.85804748535156,636.887939453125,202.5505828857422,0.7909020781517029
32,1093.9093017578125,185.5572509765625,1220.1729736328125,235.86849975585938,0.9526376724243164
32,953.5601806640625,182.9085235595703,1063.5240478515625,234.17494201660156,0.8945363163948059
32,1034.3829345703125,184.2027587890625,1156.1939697265625,233.68580627441406,0.8827081918716431
32,602.0745239257812,172.95242309570312,636.8753051757812,202.6022491455078,0.7875438332557678
32,598.6278076171875,173.77601623535156,621.914306640625,193.16268920898438,0.41147106885910034
33,1093.59619140625,185.6614532470703,1219.8428955078125,235.80677795410156,0.9462618827819824
33,953.315673828125,183.05210876464844,1064.2689208984375,234.1052703857422,0.9160538911819458
33,1034.3995361328125,184.0206756591797,1156.08837890625,233.6249542236328,0.8851306438446045
33,602.6406860351562,172.5519561767578,637.4083862304688,203.03904724121094,0.7941556572914124
34,1093.267822265625,185.509033203125,1220.7210693359375,236.21200561523438,0.9509217143058777
34,952.9144897460938,183.0943145751953,1065.2515869140625,233.97898864746094,0.9054740071296692
34,1033.4117431640625,183.7845458984375,1157.1099853515625,233.68560791015625,0.8856395483016968
34,602.4786376953125,172.51156616210938,637.634521484375,203.1770782470703,0.8059605956077576
35,1093.521484375,185.4836883544922,1220.64599609375,236.23338317871094,0.9503952860832214
35,953.7808227539062,182.76119995117188,1067.1324462890625,234.3515625,0.9145239591598511
35,1030.7691650390625,183.76055908203125,1154.611328125,233.6359405517578,0.8732286095619202
35,602.487060546875,172.49114990234375,637.4945678710938,203.1542205810547,0.7867412567138672
35,598.2183837890625,173.79791259765625,621.884033203125,193.49684143066406,0.4092372953891754
36,1094.1341552734375,185.67672729492188,1220.10400390625,235.81056213378906,0.9453729391098022
36,953.5569458007812,182.6919708251953,1067.4732666015625,234.43881225585938,0.9273654818534851
36,1031.9959716796875,183.96006774902344,1152.9981689453125,233.46243286132812,0.8741551637649536
36,602.65966796875,172.68418884277344,637.4114990234375,203.31185913085938,0.7885863184928894
36,598.5220336914062,173.7352294921875,622.0578002929688,193.73800659179688,0.4052044749259949
37,953.4835815429688,182.73587036132812,1067.733154296875,234.48873901367188,0.9380431175231934
37,1093.770751953125,185.99630737304688,1221.022216796875,235.63026428222656,0.9325595498085022
37,1032.09716796875,184.11614990234375,1152.46044921875,233.45751953125,0.9032632112503052
37,602.7418212890625,172.71524047851562,637.33056640625,203.40191650390625,0.7791463136672974
37,598.4970092773438,173.78359985351562,622.0453491210938,193.61102294921875,0.41124698519706726
38,953.51123046875,182.82147216796875,1067.9052734375,234.7023162841797,0.9482592940330505
38,1093.2662353515625,185.78704833984375,1221.453857421875,235.56866455078125,0.9358161091804504
38,1031.770751953125,184.12710571289062,1152.215576171875,233.5154571533203,0.9215905070304871
38,602.7142944335938,172.6327667236328,637.3226318359375,203.36056518554688,0.7785890102386475
38,598.6961059570312,173.77159118652344,621.57861328125,192.99899291992188,0.4368874728679657
39,953.0975341796875,182.68214416503906,1068.32666015625,234.7730712890625,0.9500814080238342
39,1093.326171875,186.0056915283203,1221.448486328125,235.54684448242188,0.9353814125061035
39,1031.1473388671875,184.1042938232422,1153.2933349609375,233.28143310546875,0.9294334650039673
39,602.66845703125,172.44911193847656,637.28759765625,203.34365844726562,0.765892744064331
39,598.7694091796875,173.68089294433594,621.7485961914062,192.98214721679688,0.4252012372016907
40,953.0399780273438,182.77159118652344,1068.1968994140625,234.7377471923828,0.9477970004081726
40,1031.1961669921875,183.91973876953125,1152.90087890625,233.472412109375,0.9461857080459595
40,1093.6903076171875,186.03697204589844,1220.9530029296875,235.56361389160156,0.9318734407424927
40,602.4607543945312,172.70115661621094,636.51708984375,203.11138916015625,0.7709970474243164
40,598.8232421875,173.35830688476562,621.9812622070312,192.92697143554688,0.4490654766559601
41,953.2875366210938,182.71453857421875,1068.10107421875,234.54534912109375,0.9483675956726074
41,1030.7410888671875,183.92666625976562,1154.4412841796875,233.3934326171875,0.9445278644561768
41,1095.7813720703125,185.48951721191406,1218.9029541015625,235.9342803955078,0.9153209328651428
41,602.3280639648438,172.7589111328125,636.6270141601562,203.18357849121094,0.7737817764282227
41,598.6785888671875,173.6315460205078,621.96337890625,192.94715881347656,0.4309941530227661
42,953.41650390625,182.73245239257812,1068.144287109375,234.44485473632812,0.9485317468643188
42,1030.806884765625,184.10501098632812,1154.4930419921875,233.17144775390625,0.9430351853370667
42,1096.05712890625,185.68714904785156,1219.209716796875,236.43173217773438,0.9134096503257751
42,602.27880859375,172.708251953125,636.6140747070312,203.0675506591797,0.781406819820404
42,598.7572021484375,173.62689208984375,621.6839599609375,192.90847778320312,0.4196494519710541
43,953.2481689453125,182.80421447753906,1068.4691162109375,234.2818145751953,0.9477194547653198
43,1030.4898681640625,184.11734008789062,1154.9697265625,233.14877319335938,0.9406477212905884
43,1096.7242431640625,185.85562133789062,1217.83154296875,235.29005432128906,0.9361186623573303
43,602.3023071289062,172.7379608154297,636.5293579101562,203.10540771484375,0.8006900548934937
43,598.634033203125,173.692626953125,621.897216796875,193.13169860839844,0.4162067174911499
44,1095.9124755859375,185.6153564453125,1218.53125,235.5824432373047,0.9492262005805969
44,953.1292724609375,182.77793884277344,1068.55810546875,234.2877960205078,0.9463092088699341
44,1030.396484375,184.1667022705078,1154.9317626953125,233.3125762939453,0.9439778327941895
44,602.388916015625,172.751220703125,636.5806884765625,202.95352172851562,0.7681148052215576
44,598.9068603515625,173.4602508544922,622.1766967773438,193.07411193847656,0.41885021328926086
45,1094.9996337890625,185.56674194335938,1219.3228759765625,235.7871551513672,0.9577949047088623
45,953.2960205078125,182.77870178222656,1068.38037109375,234.2831573486328,0.9458714723587036
45,1030.4578857421875,184.22547912597656,1154.697509765625,233.1327667236328,0.943331241607666
45,602.490234375,172.77700805664062,636.4622802734375,203.05416870117188,0.7766544222831726
45,598.7096557617188,173.4668731689453,622.1787109375,192.86936950683594,0.4406616687774658
46,1094.569091796875,185.62840270996094,1219.6845703125,235.86233520507812,0.959860622882843
46,953.4271240234375,182.79446411132812,1068.42529296875,234.24049377441406,0.9471381902694702
46,1030.344970703125,184.18186950683594,1154.59814453125,233.10714721679688,0.9455225467681885
46,602.41845703125,172.7549591064453,636.5489501953125,203.00987243652344,0.7771469950675964
46,598.7239379882812,173.5064239501953,622.3286743164062,193.061767578125,0.4224613606929779
47,1094.8394775390625,185.75408935546875,1219.7650146484375,235.83636474609375,0.9607191681861877
47,953.4680786132812,182.83773803710938,1068.3590087890625,234.23936462402344,0.9481630325317383
47,1030.5335693359375,184.1613006591797,1154.5303955078125,232.98477172851562,0.9428010582923889
47,602.619873046875,172.91360473632812,636.3685913085938,203.00860595703125,0.763274610042572
47,598.6901245117188,173.51153564453125,622.3837280273438,193.22528076171875,0.42710113525390625
48,1094.594970703125,185.74447631835938,1220.04345703125,235.9376983642578,0.9603326916694641
48,953.8341674804688,182.89659118652344,1068.2493896484375,234.2017822265625,0.9517752528190613
48,1030.5770263671875,184.17063903808594,1154.550537109375,232.96087646484375,0.9413074254989624
48,602.555419921875,172.9529266357422,636.4221801757812,202.83665466308594,0.7786546945571899
48,598.7115478515625,173.41014099121094,622.4751586914062,192.9580535888672,0.4528195858001709
49,1094.1495361328125,185.73619079589844,1219.964111328125,235.77630615234375,0.9609902501106262
49,953.8451538085938,182.98313903808594,1068.109130859375,234.0974884033203,0.9505895972251892
49,1030.593505859375,184.16819763183594,1154.5352783203125,232.89842224121094,0.9401097893714905
49,602.3468017578125,172.90274047851562,636.6441040039062,202.9325408935547,0.7591292262077332
49,598.5733642578125,173.425048828125,622.5411987304688,193.01185607910156,0.40256446599960327
50,1094.3294677734375,185.64486694335938,1219.74072265625,235.8916778564453,0.9601821303367615
50,953.8431396484375,182.9743194580078,1068.164306640625,234.1267547607422,0.9499940276145935
50,1030.544921875,184.16854858398438,1154.5985107421875,232.9068603515625,0.9403102993965149
50,602.7322998046875,172.52833557128906,637.28466796875,203.31246948242188,0.7736564874649048
50,598.3435668945312,173.4216766357422,622.5670776367188,193.0140838623047,0.43019747734069824
51,1094.165771484375,185.64390563964844,1219.9483642578125,235.84393310546875,0.9590150117874146
51,954.1211547851562,183.01512145996094,1067.788330078125,234.2108612060547,0.9502526521682739
51,1030.7296142578125,184.17787170410156,1154.6754150390625,232.944580078125,0.9396615624427795
51,602.9501953125,172.56045532226562,637.1195678710938,203.05154418945312,0.7851037383079529
51,598.4939575195312,173.40560913085938,622.5986328125,192.9265899658203,0.43280190229415894
52,1094.2537841796875,185.53245544433594,1219.8916015625,235.87315368652344,0.9606856107711792
52,954.4368286132812,182.99818420410156,1067.7412109375,234.2171173095703,0.9548346400260925
52,1031.072509765625,184.2753143310547,1154.1441650390625,232.807861328125,0.9384192228317261
52,602.4428100585938,172.9873504638672,636.540771484375,202.72244262695312,0.7690575122833252
52,598.3109741210938,173.4244384765625,622.66748046875,193.09976196289062,0.42316851019859314
53,1094.3131103515625,185.7015838623047,1219.787353515625,235.90972900390625,0.9585728645324707
53,954.5154418945312,182.96347045898438,1067.7413330078125,234.16273498535156,0.9531718492507935
53,1031.033447265625,184.2515411376953,1154.1871337890625,232.8726043701172,0.9384889006614685
53,602.2547607421875,172.9650115966797,636.6495361328125,202.5363006591797,0.8035879731178284
53,598.4306030273438,173.5159454345703,622.35400390625,192.77493286132812,0.4492773413658142
54,1094.226318359375,185.70458984375,1219.653564453125,235.9112548828125,0.9569137096405029
54,954.6600952148438,182.98324584960938,1067.3846435546875,234.10829162597656,0.9478594064712524
54,1030.8648681640625,184.178955078125,1154.2095947265625,232.964599609375,0.939524233341217
54,602.3919067382812,172.993408203125,636.6000366210938,202.54010009765625,0.7869529128074646
54,598.5633544921875,173.42852783203125,622.4931030273438,192.6654510498047,0.4909626841545105
55,1094.196044921875,185.64480590820312,1219.56689453125,235.97149658203125,0.9555584788322449
55,954.1890869140625,182.82266235351562,1067.7178955078125,234.1934051513672,0.9427312016487122
55,1030.72412109375,184.17295837402344,1154.482666015625,233.0183563232422,0.94146728515625
55,602.4383544921875,173.04116821289062,636.623046875,202.5807342529297,0.7813607454299927
55,598.7431640625,173.49002075195312,622.7211303710938,192.7522735595703,0.477958619594574
56,1093.72216796875,185.5604248046875,1220.1180419921875,235.99371337890625,0.9556330442428589
56,1030.849853515625,184.2047119140625,1154.1885986328125,232.995849609375,0.9433921575546265
56,954.2069091796875,182.81365966796875,1067.353515625,234.06622314453125,0.9231651425361633
56,602.4214477539062,173.15240478515625,636.5674438476562,202.5265655517578,0.7825110554695129
56,598.5692749023438,173.58212280273438,622.57568359375,192.73773193359375,0.48617830872535706
57,1093.7926025390625,185.45172119140625,1220.4578857421875,236.14698791503906,0.9593054056167603
57,1030.848876953125,184.2647247314453,1154.5625,232.9110565185547,0.9336733818054199
57,954.407470703125,183.02459716796875,1067.3193359375,233.86276245117188,0.9134162068367004
57,602.5099487304688,173.1756591796875,636.4768676757812,202.4765167236328,0.788010835647583
57,598.8013305664062,173.63201904296875,622.4500732421875,192.57644653320312,0.47189778089523315
58,1093.8629150390625,185.38963317871094,1220.46337890625,236.2061767578125,0.9578188061714172
58,1030.4093017578125,184.27342224121094,1154.900634765625,232.99072265625,0.9327859282493591
58,954.2285766601562,183.14443969726562,1067.2266845703125,233.71847534179688,0.8898492455482483
58,602.2813110351562,173.01368713378906,636.642578125,202.7003631591797,0.7928918600082397
58,598.4418334960938,173.5225372314453,622.5986938476562,192.52381896972656,0.4918036460876465
59,1094.13720703125,185.3792266845703,1220.3106689453125,236.2076416015625,0.9591118693351746
59,1030.352294921875,184.20501708984375,1154.590576171875,232.987548828125,0.9390017986297607
59,953.8477783203125,182.6564483642578,1067.8037109375,234.26004028320312,0.9142662882804871
59,602.42041015625,173.04531860351562,636.5367431640625,202.65481567382812,0.7797370553016663
59,598.4823608398438,173.40225219726562,622.6362915039062,192.52748107910156,0.5173630118370056
60,1094.454833984375,185.4588165283203,1219.94091796875,236.13084411621094,0.9590927362442017
60,1030.1065673828125,184.1101837158203,1154.7027587890625,233.14332580566406,0.942326009273529
60,952.5040893554688,183.3226318359375,1065.5791015625,233.66793823242188,0.8985372185707092
60,602.3193359375,172.9755859375,636.5811157226562,202.39515686035156,0.7839304208755493
60,598.53271484375,173.3229217529297,622.6918334960938,192.33204650878906,0.529394805431366
61,1094.69140625,185.34568786621094,1219.435546875,236.1580047607422,0.958598792552948
61,1029.0111083984375,183.6929168701172,1156.13525390625,233.5803680419922,0.9343960881233215
61,953.755859375,182.9441680908203,1068.18115234375,234.02597045898438,0.9080966114997864
61,602.2421264648438,173.10362243652344,636.4865112304688,202.30755615234375,0.8050754070281982
61,598.2837524414062,173.24143981933594,623.0004272460938,192.2435302734375,0.5618454813957214
62,1093.8028564453125,185.369140625,1220.2799072265625,236.0876007080078,0.9585626721382141
62,953.9126586914062,183.01077270507812,1062.6573486328125,233.92662048339844,0.9113826155662537
62,1028.77783203125,184.04685974121094,1156.888671875,233.6865234375,0.9069030284881592
62,602.3901977539062,173.18687438964844,636.4442138671875,202.31375122070312,0.7890222668647766
62,598.3917236328125,173.3797607421875,623.152099609375,192.395751953125,0.5491027235984802
63,1093.720458984375,185.5577850341797,1219.5604248046875,235.69493103027344,0.946453332901001
63,952.8690185546875,183.0654296875,1065.2802734375,233.96505737304688,0.9075678586959839
63,1030.2088623046875,184.13217163085938,1155.340087890625,233.53216552734375,0.8939841985702515
63,602.4754028320312,173.18057250976562,636.3171997070312,202.30470275878906,0.8047332167625427
63,598.2947387695312,173.2810821533203,623.4412841796875,192.49713134765625,0.5107231140136719
64,1093.7872314453125,185.5479736328125,1219.70458984375,235.91726684570312,0.9533137679100037
64,953.867431640625,182.89219665527344,1067.06005859375,234.2030487060547,0.9207179546356201
64,1034.7271728515625,184.1516571044922,1155.5982666015625,233.87998962402344,0.9106028079986572
64,602.1800537109375,173.22622680664062,636.67626953125,202.5469512939453,0.7878412008285522
64,598.2593994140625,173.21717834472656,623.723388671875,192.53114318847656,0.5009437799453735
65,1093.942138671875,185.28256225585938,1220.119384765625,236.1612548828125,0.9567288160324097
65,953.487060546875,182.8890380859375,1067.3408203125,234.38124084472656,0.9240745902061462
65,1032.239501953125,184.40538024902344,1153.1790771484375,232.89476013183594,0.9117130637168884
65,602.0082397460938,173.24485778808594,636.5819702148438,202.57034301757812,0.8104215860366821
65,597.97998046875,173.26513671875,623.6182861328125,192.62013244628906,0.5229326486587524
66,1093.5811767578125,185.5580596923828,1221.129150390625,235.9819793701172,0.9465050101280212
66,953.545654296875,182.74745178222656,1067.4375,234.5126190185547,0.9369788765907288
66,1032.3492431640625,184.57359313964844,1152.6927490234375,232.7837677001953,0.9095983505249023
66,602.3845825195312,173.25315856933594,636.2689819335938,202.37591552734375,0.8056362867355347
66,598.24658203125,173.14791870117188,623.2687377929688,192.6072235107422,0.5360774993896484
67,953.3894653320312,182.66448974609375,1067.700927734375,234.7054443359375,0.9422866702079773
67,1093.309326171875,185.88015747070312,1221.4388427734375,235.56776428222656,0.9365407824516296
67,1031.073974609375,184.4855194091797,1152.969482421875,232.7971954345703,0.9164415001869202
67,602.5230712890625,173.32350158691406,636.1481323242188,202.27703857421875,0.8012877702713013
67,598.2222900390625,173.1309051513672,623.702880859375,192.6893768310547,0.501247763633728
68,1031.1912841796875,184.32435607910156,1153.2379150390625,232.88751220703125,0.9475747346878052
68,953.44921875,182.56033325195312,1067.6317138671875,234.65725708007812,0.9429581761360168
68,1096.0218505859375,185.90765380859375,1218.2913818359375,235.03231811523438,0.9354718327522278
68,602.6077270507812,173.3087615966797,636.0416870117188,202.2830810546875,0.809393584728241
68,598.4492797851562,173.2231903076172,623.1845092773438,192.59942626953125,0.48888295888900757
69,1030.7958984375,184.1766357421875,1154.2744140625,233.11605834960938,0.9482505321502686
69,953.3741455078125,182.6657257080078,1067.6702880859375,234.5164337158203,0.9409282803535461
69,1095.3411865234375,185.56961059570312,1219.267822265625,235.77520751953125,0.9376580715179443
69,602.5275268554688,173.33738708496094,636.018798828125,202.5790557861328,0.810729444026947
69,598.3225708007812,173.17019653320312,623.158447265625,193.22804260253906,0.4816468358039856
70,953.2709350585938,182.6962890625,1068.2047119140625,234.4740447998047,0.947394609451294
70,1030.6075439453125,184.09164428710938,1154.422119140625,233.11679077148438,0.9467857480049133
70,1096.3458251953125,185.54042053222656,1218.21142578125,235.3516082763672,0.9457162618637085
70,602.3966064453125,173.55752563476562,636.3831787109375,202.54904174804688,0.7760456204414368
70,597.7364501953125,173.2599639892578,623.3252563476562,193.8017120361328,0.4779414236545563
71,1095.0631103515625,185.33694458007812,1219.7032470703125,236.3115692138672,0.9586707949638367
71,953.3026123046875,182.7115478515625,1068.2662353515625,234.30352783203125,0.9448321461677551
71,1030.7000732421875,184.04156494140625,1154.6497802734375,233.0402374267578,0.9401861429214478
71,602.0051879882812,173.2853240966797,636.6432495117188,202.2283477783203,0.7885895371437073
71,597.4083251953125,173.22657775878906,623.4757080078125,193.6289520263672,0.4837172329425812
72,1095.156005859375,185.52310180664062,1219.529296875,235.9512939453125,0.9616994261741638
72,953.3392944335938,182.77374267578125,1068.0416259765625,234.26780700683594,0.9428566694259644
72,1030.6551513671875,184.06451416015625,1154.6685791015625,232.95767211914062,0.938752293586731
72,602.0510864257812,173.15032958984375,636.705078125,202.1603240966797,0.7769936323165894
72,597.640380859375,173.2262420654297,623.889892578125,193.49131774902344,0.5202300548553467
73,1095.0211181640625,185.4217987060547,1219.4814453125,235.90673828125,0.9625231623649597
73,953.377685546875,182.69960021972656,1068.083740234375,234.24044799804688,0.9407719969749451
73,1030.9345703125,184.0322265625,1154.3958740234375,233.0540313720703,0.9396836757659912
73,603.7450561523438,173.07461547851562,636.9338989257812,202.2701416015625,0.8091465830802917
73,596.292724609375,172.88058471679688,625.0162963867188,193.86599731445312,0.5201125144958496
74,1095.088134765625,185.5079345703125,1219.650146484375,235.90025329589844,0.9612210988998413
74,1030.5738525390625,184.00271606445312,1154.676025390625,233.14759826660156,0.9403237104415894
74,953.09814453125,182.65480041503906,1068.11474609375,234.3238983154297,0.9386234283447266
74,604.061279296875,172.77159118652344,636.7980346679688,201.6125946044922,0.7981874942779541
74,595.9009399414062,172.26953125,625.2115478515625,194.0220184326172,0.46519920229911804
75,1095.0113525390625,185.4994659423828,1219.923828125,235.89923095703125,0.9603467583656311
75,953.0812377929688,182.56817626953125,1068.3070068359375,234.37376403808594,0.9410489201545715
75,1030.7747802734375,184.0767364501953,1154.733154296875,232.969482421875,0.9343854784965515
75,603.05419921875,172.2489776611328,637.7892456054688,202.1470489501953,0.791525661945343
75,597.4842529296875,173.02391052246094,623.7534790039062,193.84629821777344,0.46592527627944946
76,1094.860595703125,185.5442657470703,1219.8114013671875,235.83470153808594,0.9609463214874268
76,953.2906494140625,182.60006713867188,1068.140380859375,234.2283172607422,0.937379777431488
76,1030.8714599609375,184.07188415527344,1154.470703125,232.9632568359375,0.9359233379364014
76,601.7509155273438,173.2194061279297,636.0786743164062,201.62405395507812,0.7855952382087708
76,597.7025756835938,173.1734619140625,622.8255004882812,194.9453125,0.456369549036026
77,1094.809326171875,185.56809997558594,1219.84375,235.8581085205078,0.9616193175315857
77,953.0675048828125,182.65013122558594,1068.289306640625,234.2606964111328,0.9384939670562744
77,1030.7130126953125,183.9290771484375,1154.61669921875,233.12794494628906,0.9384042620658875
77,603.2781982421875,172.9658966064453,637.4736938476562,201.12612915039062,0.7901067733764648
78,1094.9139404296875,185.5868377685547,1220.0328369140625,235.84701538085938,0.9605860710144043
78,953.0758666992188,182.65206909179688,1068.3094482421875,234.36669921875,0.9416861534118652
78,1030.829345703125,183.96697998046875,1154.4715576171875,233.08128356933594,0.9389615058898926
78,603.6546020507812,173.265625,636.8262329101562,200.6992645263672,0.7664868235588074
79,1094.7410888671875,185.59814453125,1220.0509033203125,235.77354431152344,0.9603880047798157
79,953.128173828125,182.6328582763672,1068.0635986328125,234.421875,0.9407554268836975
79,1030.877197265625,183.974609375,1154.5030517578125,233.15818786621094,0.9392897486686707
79,603.5870361328125,173.3683319091797,636.9686279296875,201.33277893066406,0.7616584897041321
80,1094.788330078125,185.66421508789062,1220.0599365234375,235.76123046875,0.9603713154792786
80,952.9918823242188,182.66085815429688,1068.23291015625,234.47216796875,0.9439852833747864
80,1030.9036865234375,183.9263458251953,1154.3638916015625,233.1751251220703,0.9396112561225891
80,600.847412109375,172.72817993164062,637.3558349609375,201.3636474609375,0.7576874494552612
81,1094.5751953125,185.65628051757812,1220.17333984375,235.8302459716797,0.9606085419654846
81,952.7697143554688,182.6329345703125,1068.3370361328125,234.56253051757812,0.9447628855705261
81,1030.9522705078125,183.98196411132812,1154.4647216796875,233.0794219970703,0.937182605266571
81,600.8179931640625,173.29676818847656,636.9993286132812,201.60665893554688,0.7724199891090393
82,1094.6656494140625,185.6459197998047,1220.1583251953125,235.81629943847656,0.9600827693939209
82,952.758544921875,182.60238647460938,1068.4193115234375,234.58082580566406,0.945999801158905
82,1031.128173828125,184.0328369140625,1154.3453369140625,233.05648803710938,0.9358523488044739
82,602.5397338867188,173.7877960205078,638.0535888671875,202.12344360351562,0.781466007232666
83,1094.6190185546875,185.65672302246094,1220.07080078125,235.8388671875,0.9608952403068542
83,952.8260498046875,182.67738342285156,1068.5142822265625,234.6315460205078,0.9505055546760559
83,1031.1353759765625,184.03817749023438,1154.21240234375,233.10739135742188,0.9395080208778381
83,602.115966796875,173.81085205078125,638.6039428710938,202.51856994628906,0.7748332023620605
84,1094.7891845703125,185.60731506347656,1220.032958984375,235.79745483398438,0.9604248404502869
84,953.0205078125,182.6647491455078,1068.1580810546875,234.50360107421875,0.9465071558952332
84,1030.98046875,184.0206298828125,1154.4542236328125,233.11769104003906,0.9371916055679321
84,601.4071655273438,173.18919372558594,636.6618041992188,201.74009704589844,0.8269549012184143
84,598.186279296875,173.6127166748047,622.5176391601562,193.14022827148438,0.4318244457244873
85,1095.0081787109375,185.6284637451172,1219.6629638671875,235.7211151123047,0.9611785411834717
85,952.8364868164062,182.7023162841797,1068.4542236328125,234.5360107421875,0.9491205215454102
85,1031.126220703125,183.98928833007812,1154.343994140625,233.06407165527344,0.9360631108283997
85,601.7911987304688,172.80203247070312,636.5411376953125,201.6907958984375,0.8381626009941101
85,598.570556640625,173.2692108154297,622.1595458984375,193.0283203125,0.4190112352371216
86,1094.9019775390625,185.6246795654297,1219.9171142578125,235.65171813964844,0.9611877202987671
86,952.9765014648438,182.66551208496094,1068.2747802734375,234.4851531982422,0.9482890963554382
86,1031.18017578125,183.96624755859375,1154.309814453125,233.0225067138672,0.9333530068397522
86,603.255859375,172.61065673828125,637.0245971679688,202.21926879882812,0.8238600492477417
87,1095.0760498046875,185.61375427246094,1219.9600830078125,235.65130615234375,0.9609252214431763
87,952.8375854492188,182.655517578125,1068.5052490234375,234.49887084960938,0.9486296772956848
87,1031.19677734375,184.00672912597656,1154.3037109375,233.07281494140625,0.9352959990501404
87,603.0953369140625,172.87582397460938,637.059814453125,202.43902587890625,0.7972428798675537
87,597.1524047851562,172.86769104003906,623.4404907226562,193.8603973388672,0.40585213899612427
88,1095.1146240234375,185.66700744628906,1219.8021240234375,235.55992126464844,0.9618087410926819
88,952.9675903320312,182.6122589111328,1068.4476318359375,234.4794921875,0.9494674801826477
88,1031.0460205078125,184.0140838623047,1154.54296875,233.03219604492188,0.9328690767288208
88,601.2676391601562,172.70811462402344,637.3140258789062,202.64263916015625,0.788739025592804
89,1095.2750244140625,185.6841583251953,1219.7490234375,235.6048583984375,0.9609687924385071
89,952.8972778320312,182.68270874023438,1068.61376953125,234.47569274902344,0.951650083065033
89,1031.154296875,184.03793334960938,1154.404052734375,232.96006774902344,0.9333698153495789
89,602.6079711914062,172.5854949951172,637.8553466796875,203.15655517578125,0.8198148608207703
90,1095.2296142578125,185.63827514648438,1219.6756591796875,235.62501525878906,0.9605664014816284
90,952.9334106445312,182.64573669433594,1068.6995849609375,234.4727783203125,0.9517884254455566
90,1031.2108154296875,184.022216796875,1154.52685546875,232.99134826660156,0.9294183254241943
90,603.0274047851562,172.66807556152344,637.7191162109375,202.72518920898438,0.8357856273651123
91,1095.4146728515625,185.71575927734375,1219.386474609375,235.53074645996094,0.9610369205474854
91,952.7763671875,182.7492218017578,1068.694580078125,234.3647003173828,0.9491963386535645
91,1031.218994140625,184.0569305419922,1154.2159423828125,233.00985717773438,0.9360061883926392
91,603.389404296875,172.61117553710938,638.0474853515625,202.9397735595703,0.8638537526130676
92,1095.156005859375,185.6632843017578,1219.7711181640625,235.478515625,0.9603389501571655
92,952.6209716796875,182.73251342773438,1068.6951904296875,234.33633422851562,0.9450262784957886
92,1030.9083251953125,183.9922332763672,1154.4705810546875,233.0016326904297,0.9376145005226135
92,603.0344848632812,172.10641479492188,638.8255615234375,202.55419921875,0.8725963234901428
93,1095.3720703125,185.69467163085938,1219.415771484375,235.3712921142578,0.9610276818275452
93,952.5849609375,182.7238311767578,1068.6705322265625,234.28912353515625,0.9412647485733032
93,1031.005859375,184.0237274169922,1154.5155029296875,232.95526123046875,0.9357685446739197
93,602.07763671875,171.3719482421875,639.4169921875,203.37620544433594,0.8427194356918335
94,1095.2625732421875,185.73744201660156,1219.751708984375,235.39869689941406,0.9615561366081238
94,952.7266235351562,182.69189453125,1068.7789306640625,234.220458984375,0.9416570663452148
94,1031.0533447265625,184.05152893066406,1154.396728515625,232.90533447265625,0.9354791641235352
94,601.8267211914062,171.96762084960938,640.3571166992188,203.41439819335938,0.811663031578064
95,1095.2430419921875,185.71990966796875,1219.599365234375,235.3685760498047,0.9628459811210632
95,952.8472290039062,182.66444396972656,1068.938720703125,234.28314208984375,0.9448235034942627
95,1030.9932861328125,184.03363037109375,1154.32763671875,232.94969177246094,0.9373956918716431
95,600.1300659179688,172.9038848876953,635.6436767578125,202.94744873046875,0.7276819944381714
96,1094.9312744140625,185.7552490234375,1219.907958984375,235.33758544921875,0.9629075527191162
96,952.9004516601562,182.70541381835938,1068.86767578125,234.2300567626953,0.9437244534492493
96,1030.6075439453125,184.02188110351562,1154.6759033203125,232.99041748046875,0.937980055809021
96,600.5309448242188,172.34005737304688,636.5509643554688,202.63816833496094,0.8165383338928223
97,1095.0367431640625,185.72569274902344,1219.8360595703125,235.38587951660156,0.9610617160797119
97,952.9325561523438,182.6934814453125,1068.776123046875,234.2843780517578,0.943832516670227
97,1030.2626953125,183.90834045410156,1155.05078125,233.248046875,0.9420437812805176
97,602.6256713867188,172.32354736328125,640.0302124023438,203.011962890625,0.8464866280555725
98,1094.8948974609375,185.8184814453125,1220.0679931640625,235.3686981201172,0.9610064625740051
98,952.9421997070312,182.74107360839844,1068.699951171875,234.2509002685547,0.9430805444717407
98,1030.3087158203125,183.92799377441406,1154.906005859375,233.1271514892578,0.9393401145935059
98,602.1578979492188,172.07345581054688,639.6741333007812,203.36724853515625,0.7808941006660461
99,1094.91748046875,185.8538818359375,1220.0020751953125,235.4944305419922,0.9602499604225159
99,952.873046875,182.79180908203125,1068.806640625,234.22264099121094,0.9433800578117371
99,1030.1485595703125,183.89573669433594,1154.9903564453125,233.2075958251953,0.9418879747390747
99,599.7159423828125,172.3585662841797,636.8578491210938,203.37667846679688,0.721770703792572
100,1094.9088134765625,185.89407348632812,1219.8470458984375,235.45384216308594,0.9606730937957764
100,953.0427856445312,182.7692108154297,1068.947021484375,234.28915405273438,0.9494166970252991
100,1030.2396240234375,183.9556121826172,1154.907470703125,233.23541259765625,0.9425615072250366
100,602.655029296875,172.64920043945312,638.3578491210938,203.1588897705078,0.7669610977172852
101,1094.891845703125,185.96156311035156,1219.6207275390625,235.43252563476562,0.9613836407661438
101,953.2278442382812,182.8945770263672,1068.64306640625,234.26519775390625,0.9509171843528748
101,1030.354248046875,184.0335235595703,1154.7025146484375,233.1205596923828,0.9433082342147827
101,601.3941650390625,173.04196166992188,636.4414672851562,202.57403564453125,0.7058852314949036
102,1094.6439208984375,185.9940185546875,1219.8529052734375,235.55145263671875,0.9597813487052917
102,953.2758178710938,182.8697509765625,1068.615234375,234.2562255859375,0.9502589106559753
102,1030.5592041015625,184.03530883789062,1154.421630859375,233.09710693359375,0.9440752267837524
102,600.1929931640625,172.646484375,636.7676391601562,202.8175048828125,0.7530422210693359
103,1094.3350830078125,185.94171142578125,1220.2928466796875,235.5919189453125,0.9601266384124756
103,953.4707641601562,182.87937927246094,1068.45654296875,234.2891387939453,0.9512962102890015
103,1030.793701171875,184.04176330566406,1154.386962890625,233.06092834472656,0.9424688220024109
103,600.9622802734375,173.4208221435547,636.015380859375,202.54022216796875,0.759110689163208
104,1094.4432373046875,185.94915771484375,1219.755859375,235.51507568359375,0.9599772691726685
104,953.7415161132812,182.98988342285156,1068.3143310546875,234.39549255371094,0.9562537670135498
104,1030.728515625,183.99267578125,1154.3431396484375,233.166748046875,0.9437921643257141
104,601.6627807617188,173.56314086914062,634.644775390625,201.5924530029297,0.7333805561065674
105,1093.9927978515625,185.73028564453125,1219.8546142578125,235.68751525878906,0.9600834250450134
105,954.0447998046875,182.97976684570312,1068.185302734375,234.51284790039062,0.958349347114563
105,1030.4417724609375,183.9158172607422,1154.70361328125,233.27731323242188,0.9451093077659607
105,601.2589111328125,172.89480590820312,636.084716796875,201.671630859375,0.7752491235733032
106,1094.0059814453125,185.55557250976562,1219.6094970703125,235.8157196044922,0.9592307209968567
106,954.2950439453125,182.87335205078125,1068.0245361328125,234.55381774902344,0.9577561616897583
106,1030.3514404296875,183.9213104248047,1154.821044921875,233.31985473632812,0.9458855986595154
106,601.5116577148438,172.32423400878906,636.555419921875,201.919921875,0.821744978427887
107,1093.8280029296875,185.5131072998047,1220.0311279296875,235.9372100830078,0.9602645635604858
107,954.3232421875,182.9061279296875,1068.1566162109375,234.51065063476562,0.9585682153701782
107,1030.658935546875,183.95574951171875,1154.6298828125,233.2853240966797,0.9432553052902222
107,601.62109375,172.4775390625,636.7429809570312,202.2227783203125,0.7970425486564636
108,1094.0745849609375,185.54107666015625,1219.94287109375,235.8428192138672,0.9608702659606934
108,954.4993286132812,182.87112426757812,1068.171630859375,234.4593963623047,0.95755535364151
108,1030.8231201171875,183.95851135253906,1154.6932373046875,233.1811065673828,0.9376237988471985
108,603.0778198242188,172.40859985351562,637.2704467773438,202.97830200195312,0.7844234108924866
109,1094.38720703125,185.74256896972656,1219.2022705078125,235.59722900390625,0.9562140703201294
109,954.5071411132812,182.80494689941406,1067.987060546875,234.42864990234375,0.9527233242988586
109,1030.76708984375,183.97091674804688,1154.659423828125,233.21023559570312,0.9382750988006592
109,603.570556640625,172.19224548339844,636.8163452148438,202.16421508789062,0.7740046381950378
110,1094.1175537109375,185.7091522216797,1219.519287109375,235.69668579101562,0.9567379951477051
110,954.2471923828125,182.75701904296875,1068.043212890625,234.3663330078125,0.9473406672477722
110,1030.895263671875,183.96951293945312,1154.578369140625,233.19764709472656,0.9365098476409912
110,601.7509155273438,172.10548400878906,636.5306396484375,201.77696228027344,0.767508327960968
110,690.94482421875,167.2562255859375,789.4537353515625,243.23048400878906,0.43343034386634827
111,1093.6549072265625,185.54354858398438,1220.105224609375,235.8249969482422,0.9566051959991455
111,1030.610595703125,184.0964813232422,1154.726806640625,233.3253173828125,0.9405174851417542
111,954.6305541992188,182.8852081298828,1067.465576171875,234.12278747558594,0.9341481924057007
111,603.7877807617188,171.8766326904297,637.1050415039062,202.05332946777344,0.8319805860519409
111,708.4627075195312,163.80023193359375,802.2765502929688,240.13336181640625,0.4733690917491913
112,1093.6202392578125,185.52340698242188,1220.48583984375,235.8664093017578,0.958061933517456
112,954.1296997070312,182.72317504882812,1069.01953125,234.28240966796875,0.9455519914627075
112,1030.483642578125,184.0384521484375,1155.0762939453125,233.3747100830078,0.9362286925315857
112,603.6557006835938,171.8756561279297,637.2579956054688,201.89248657226562,0.8456765413284302
112,715.52099609375,162.67552185058594,810.70654296875,241.4981231689453,0.42621758580207825
113,1093.7376708984375,185.46630859375,1220.0728759765625,235.8632354736328,0.9565659761428833
113,954.3228759765625,183.10006713867188,1068.1915283203125,233.74029541015625,0.926733672618866
113,1030.220458984375,184.01318359375,1155.594482421875,233.4498291015625,0.9263724088668823
113,603.7203979492188,172.16622924804688,637.1077880859375,201.3907470703125,0.8228369355201721
114,1093.5548095703125,185.42666625976562,1220.2833251953125,236.00843811035156,0.9568439722061157
114,1029.781494140625,184.01048278808594,1155.865966796875,233.494140625,0.9263796806335449
114,954.3765869140625,183.2895050048828,1068.18115234375,233.38568115234375,0.9164924621582031
114,602.847900390625,171.85092163085938,637.943115234375,201.45237731933594,0.8481208086013794
114,737.5382690429688,169.21299743652344,826.5775146484375,236.14976501464844,0.4555187225341797
115,1093.2733154296875,185.36521911621094,1220.6878662109375,236.10281372070312,0.9572650194168091
115,1029.034912109375,183.9807891845703,1156.2518310546875,233.44247436523438,0.9273680448532104
115,954.5149536132812,183.68447875976562,1067.8270263671875,233.10794067382812,0.8851077556610107
115,602.6451416015625,172.51593017578125,638.1300659179688,201.52902221679688,0.8494417071342468
115,740.645751953125,171.03482055664062,838.92822265625,239.94677734375,0.42417144775390625
116,1093.8553466796875,185.4728546142578,1219.9818115234375,235.9900665283203,0.9545890688896179
116,1029.076171875,183.96676635742188,1156.09033203125,233.37933349609375,0.9267669916152954
116,954.1956787109375,182.17567443847656,1068.1827392578125,232.3573455810547,0.9035859107971191
116,602.5424194335938,172.76759338378906,638.6777954101562,202.6984405517578,0.8273029923439026
116,749.1456298828125,170.0460205078125,853.6008911132812,241.96995544433594,0.4536210894584656
117,1093.5875244140625,185.31748962402344,1220.2423095703125,236.01309204101562,0.9550387859344482
117,1029.1468505859375,183.9140625,1156.1756591796875,233.52880859375,0.9292250275611877
117,953.9561767578125,181.8787384033203,1068.1441650390625,232.41224670410156,0.9059506058692932
117,603.398681640625,173.12318420410156,637.6839599609375,202.54576110839844,0.787589967250824
118,1093.6744384765625,185.30130004882812,1220.2962646484375,236.0098114013672,0.9538590908050537
118,955.0169677734375,182.28016662597656,1067.646728515625,235.01614379882812,0.9196389317512512
118,1032.8262939453125,184.0222625732422,1157.4476318359375,233.7847900390625,0.9138108491897583
118,604.0067749023438,173.43214416503906,637.5274658203125,202.61094665527344,0.8255629539489746
119,1093.220947265625,185.34494018554688,1220.0865478515625,235.7648162841797,0.9423092007637024
119,956.2666625976562,182.5052032470703,1067.116455078125,235.2093505859375,0.91996830701828
119,1032.9093017578125,184.28611755371094,1157.395263671875,233.58216857910156,0.9081687927246094
119,603.6918334960938,173.5789337158203,637.7774047851562,202.85487365722656,0.826939046382904
120,955.8783569335938,182.6934814453125,1066.662841796875,234.70596313476562,0.931032121181488
120,1093.0789794921875,185.6193389892578,1219.5323486328125,235.572509765625,0.9141905307769775
120,1032.4852294921875,184.6209259033203,1157.5452880859375,233.3472137451172,0.8928373456001282
120,603.5413208007812,173.43711853027344,638.1455078125,202.90383911132812,0.8480939269065857
121,955.3690185546875,182.5926971435547,1067.3104248046875,234.70152282714844,0.9436108469963074
121,1093.1170654296875,184.94227600097656,1219.8619384765625,235.8148956298828,0.9367199540138245
121,1032.54345703125,183.80921936035156,1157.43408203125,233.8680419921875,0.888464093208313
121,601.8854370117188,173.945068359375,640.1019287109375,205.95440673828125,0.7982296943664551
122,955.1575317382812,182.59478759765625,1067.0662841796875,234.5599822998047,0.9371876120567322
122,1092.70263671875,185.1917266845703,1220.6368408203125,235.33367919921875,0.9359001517295837
122,1032.37841796875,183.61602783203125,1158.117919921875,234.26451110839844,0.8858671188354492
122,603.9815673828125,173.56002807617188,638.0225219726562,202.98513793945312,0.7454176545143127
123,1093.1312255859375,184.76502990722656,1220.1978759765625,235.68356323242188,0.9150258302688599
123,954.9203491210938,182.6539306640625,1066.802490234375,234.4698486328125,0.9144434928894043
123,1034.018310546875,183.96495056152344,1156.4700927734375,233.8440704345703,0.8800346255302429
123,601.798095703125,173.88560485839844,640.1734619140625,206.12197875976562,0.7481671571731567
124,1093.1375732421875,184.974365234375,1220.4288330078125,235.9762420654297,0.9145917296409607
124,955.0831909179688,182.694580078125,1066.981689453125,234.40936279296875,0.9142753481864929
124,1031.9996337890625,184.36892700195312,1153.49267578125,234.04222106933594,0.8684617877006531
124,600.2301635742188,172.89527893066406,636.8314819335938,202.94607543945312,0.7556759119033813
125,1092.508544921875,184.4502716064453,1221.1712646484375,236.1165771484375,0.9388453960418701
125,954.4390258789062,183.10687255859375,1067.61279296875,231.8087921142578,0.9073497653007507
125,1033.04296875,183.9633331298828,1157.234375,234.5178985595703,0.8886895179748535
125,599.9845581054688,173.07208251953125,636.5517578125,202.30722045898438,0.7595115900039673
126,954.3992919921875,182.7239532470703,1067.4122314453125,232.01370239257812,0.9287342429161072
126,1033.3135986328125,183.8780517578125,1156.983154296875,234.46267700195312,0.9004288911819458
126,1093.7862548828125,184.8361053466797,1219.8287353515625,236.31109619140625,0.8915497064590454
126,602.4400024414062,173.35716247558594,639.3032836914062,202.6916961669922,0.7993068695068359
127,954.50244140625,182.70655822753906,1067.283447265625,231.87020874023438,0.9263379573822021
127,1033.4169921875,184.11106872558594,1156.6553955078125,234.08779907226562,0.8801146745681763
127,1094.6522216796875,184.89276123046875,1219.5999755859375,237.0188446044922,0.8508427143096924
127,601.9193725585938,173.61082458496094,640.1989135742188,202.517333984375,0.794805645942688
128,1032.30712890625,184.234130859375,1157.96875,233.9868621826172,0.887270987033844
128,1095.081787109375,184.95787048339844,1219.255859375,236.77569580078125,0.8858582377433777
128,952.0894775390625,182.38690185546875,1065.0662841796875,232.52769470214844,0.8855553269386292
128,602.810791015625,173.19204711914062,638.9942016601562,202.2362518310547,0.7815536260604858
129,1028.4578857421875,183.61721801757812,1157.0802001953125,233.9885711669922,0.8948961496353149
129,954.5410766601562,182.99618530273438,1067.42626953125,231.95941162109375,0.8696690201759338
129,1096.1334228515625,185.44996643066406,1217.17333984375,236.28775024414062,0.8363176584243774
129,601.9309692382812,173.17787170410156,639.1533813476562,202.6480712890625,0.7927483916282654
130,1094.2579345703125,184.73831176757812,1219.3331298828125,236.88742065429688,0.9009015560150146
130,953.9862060546875,182.6139678955078,1067.9990234375,232.2113800048828,0.892619252204895
130,1028.3388671875,184.32015991210938,1156.767822265625,233.5011749267578,0.8699610233306885
130,601.9095458984375,173.31146240234375,639.279052734375,202.6746368408203,0.8132221102714539
130,629.5948486328125,178.58509826660156,690.2534790039062,216.73634338378906,0.40393543243408203
131,954.363525390625,182.73399353027344,1067.5850830078125,232.13299560546875,0.9126571416854858
131,1093.9722900390625,184.8942413330078,1219.5606689453125,236.90380859375,0.8782192468643188
131,1030.082275390625,184.308837890625,1155.4014892578125,233.94223022460938,0.8778700232505798
131,602.4130859375,173.3371124267578,639.5487060546875,202.67874145507812,0.7990151047706604
131,642.6521606445312,178.35720825195312,692.2010498046875,210.5763397216797,0.4332999885082245
132,1034.5513916015625,184.24813842773438,1156.2432861328125,234.22381591796875,0.9012352824211121
132,955.2462768554688,183.28846740722656,1067.554931640625,234.50196838378906,0.87989342212677
132,1097.1226806640625,185.23406982421875,1215.788818359375,235.67593383789062,0.8730664849281311
132,602.15771484375,172.77662658691406,639.1467895507812,203.23550415039062,0.8034719824790955
133,1095.4483642578125,185.18276977539062,1218.093994140625,235.71005249023438,0.9375513792037964
133,956.3405151367188,182.7439422607422,1066.201171875,235.165283203125,0.9169321656227112
133,1034.8876953125,184.49569702148438,1155.988525390625,234.33843994140625,0.8788607120513916
133,601.3952026367188,172.59176635742188,636.4931640625,201.96383666992188,0.8419485688209534
134,1093.5792236328125,185.3616485595703,1219.019287109375,235.93807983398438,0.9335338473320007
134,955.3516845703125,182.71034240722656,1061.6649169921875,234.51487731933594,0.8948045969009399
134,1034.4718017578125,184.2790985107422,1156.1329345703125,234.47265625,0.8754425644874573
134,601.1217041015625,172.6000518798828,636.8276977539062,202.26368713378906,0.8555653095245361
135,1093.478759765625,185.38037109375,1219.1282958984375,235.93821716308594,0.9246575832366943
135,1028.127685546875,183.6300048828125,1157.028564453125,234.69432067871094,0.90611332654953
135,955.267333984375,182.5282745361328,1062.427490234375,232.507080078125,0.9013761281967163
135,600.9097290039062,172.43312072753906,637.1779174804688,202.69970703125,0.8436354398727417
136,1093.13037109375,185.3731231689453,1220.2716064453125,235.9827880859375,0.9189791679382324
136,1029.3460693359375,183.5531463623047,1155.9578857421875,234.65684509277344,0.9118020534515381
136,954.139892578125,182.4826202392578,1067.0040283203125,234.4528045654297,0.9009543061256409
136,600.6546020507812,172.08436584472656,637.642822265625,203.16627502441406,0.8337832093238831
136,570.1298828125,168.40245056152344,603.2155151367188,197.40118408203125,0.44411101937294006
137,1091.513427734375,185.55747985839844,1222.009033203125,235.7216796875,0.9276478290557861
137,953.9520874023438,182.45193481445312,1067.0921630859375,234.44119262695312,0.9055951237678528
137,1030.7652587890625,184.03143310546875,1154.5888671875,234.58851623535156,0.8702653050422668
137,600.7012329101562,172.08567810058594,637.4024658203125,203.10765075683594,0.8289114832878113
138,1091.888427734375,185.53981018066406,1221.7657470703125,235.8021240234375,0.9388699531555176
138,953.6380004882812,182.3129119873047,1067.898681640625,234.69593811035156,0.9320647716522217
138,1032.0504150390625,183.83326721191406,1152.4599609375,234.0225067138672,0.8878176212310791
138,600.6478881835938,171.87142944335938,637.3684692382812,202.97433471679688,0.8141070008277893
139,953.2717895507812,182.4331817626953,1068.5069580078125,234.7573699951172,0.9442507028579712
139,1092.1688232421875,185.42234802246094,1221.5419921875,236.11570739746094,0.9265691041946411
139,1031.6978759765625,183.75357055664062,1152.5223388671875,233.57192993164062,0.9224657416343689
139,600.7185668945312,171.7662811279297,637.3854370117188,203.1173553466797,0.8032252788543701
140,953.739990234375,182.597412109375,1068.00390625,234.55953979492188,0.9461073875427246
140,1032.2376708984375,183.90176391601562,1153.0123291015625,233.3282012939453,0.9338728189468384
140,1096.2545166015625,185.5739288330078,1217.3060302734375,235.65402221679688,0.8957270979881287
140,599.7857055664062,171.06109619140625,637.73291015625,203.00094604492188,0.8113806247711182
141,953.9102172851562,182.7308349609375,1068.0802001953125,234.52786254882812,0.9520679712295532
141,1031.705078125,184.11727905273438,1153.622314453125,233.1161346435547,0.9372934103012085
141,1097.23291015625,185.6348419189453,1217.046630859375,235.60104370117188,0.9150912165641785
141,599.7697143554688,170.709716796875,637.3395385742188,202.7974090576172,0.8744890689849854
142,954.0169067382812,182.8462677001953,1068.21728515625,234.43165588378906,0.9544399380683899
142,1096.6707763671875,185.7335205078125,1217.74169921875,235.5483856201172,0.9347383975982666
142,1031.3802490234375,184.1446533203125,1154.228759765625,233.01705932617188,0.9286599159240723
142,601.7966918945312,171.8514404296875,639.0115356445312,202.38180541992188,0.8400917053222656
143,954.0161743164062,182.96372985839844,1068.2359619140625,234.19761657714844,0.9524643421173096
143,1095.4248046875,185.82020568847656,1218.19970703125,235.6915283203125,0.9434733986854553
143,1030.64453125,184.1573486328125,1154.4705810546875,232.98324584960938,0.935707688331604
143,601.17041015625,172.4095916748047,640.309326171875,203.127685546875,0.8124646544456482
144,954.0025024414062,182.96087646484375,1068.1051025390625,234.23204040527344,0.9525640606880188
144,1094.0897216796875,185.8220977783203,1219.42529296875,235.6983184814453,0.9502115249633789
144,1030.350341796875,184.08181762695312,1154.9381103515625,233.1325225830078,0.9385449886322021
144,600.4769897460938,172.5338592529297,636.8148193359375,202.370849609375,0.7956420183181763
145,954.1292724609375,182.91409301757812,1068.24560546875,234.30360412597656,0.9545765519142151
145,1094.0633544921875,185.70204162597656,1219.8817138671875,235.81959533691406,0.9535204768180847
145,1030.6212158203125,184.140380859375,1154.886962890625,233.0017547607422,0.9339616298675537
145,599.6986083984375,172.45343017578125,637.5643310546875,202.85023498535156,0.8514689207077026
146,954.1532592773438,182.8375701904297,1068.1949462890625,234.47866821289062,0.9546533823013306
146,1094.1912841796875,185.71832275390625,1219.5921630859375,235.79112243652344,0.9532611966133118
146,1030.45703125,184.09373474121094,1154.9495849609375,233.0980987548828,0.9357391595840454
146,599.9318237304688,171.95401000976562,638.0157470703125,202.6044921875,0.8422251343727112
147,954.3314208984375,182.77720642089844,1068.172607421875,234.5052947998047,0.954708993434906
147,1093.7261962890625,185.75453186035156,1220.1702880859375,235.76947021484375,0.9543412327766418
147,1030.49267578125,184.13523864746094,1154.5902099609375,233.1151123046875,0.9381186366081238
147,602.5498046875,172.1898193359375,638.1141967773438,201.45297241210938,0.8268629312515259
148,954.3021240234375,182.6535186767578,1068.361328125,234.57940673828125,0.9558075666427612
148,1093.947021484375,185.72567749023438,1219.826904296875,235.85902404785156,0.9534828066825867
148,1030.757080078125,184.16773986816406,1154.237060546875,233.14199829101562,0.940249502658844
148,602.7108764648438,172.1799774169922,638.3428955078125,201.41514587402344,0.8520603179931641
149,954.3034057617188,182.67327880859375,1068.347900390625,234.55526733398438,0.953723669052124
149,1093.376220703125,185.7381591796875,1220.10546875,235.8856658935547,0.949652910232544
149,1030.5897216796875,184.14199829101562,1154.588623046875,233.14068603515625,0.9391931891441345
149,602.31396484375,172.39219665527344,638.7527465820312,201.51870727539062,0.8775543570518494
150,1093.5535888671875,186.00074768066406,1219.9586181640625,235.85496520996094,0.9488896727561951
150,954.3972778320312,182.71044921875,1068.070068359375,234.53538513183594,0.9458094239234924
150,1030.6397705078125,184.18600463867188,1154.6632080078125,233.22914123535156,0.9375655651092529
150,602.426025390625,172.71739196777344,639.08056640625,201.94837951660156,0.8503002524375916
151,1093.6424560546875,186.02294921875,1219.6082763671875,235.95936584472656,0.9431025981903076
151,954.4473266601562,182.7935028076172,1067.9095458984375,234.49957275390625,0.9419352412223816
151,1030.7730712890625,184.32237243652344,1154.5992431640625,233.4620361328125,0.9397008419036865
151,601.1790161132812,173.0012664794922,636.4329833984375,201.48052978515625,0.8151755332946777
152,954.5034790039062,183.09230041503906,1068.2916259765625,234.46678161621094,0.9458751082420349
152,1093.1923828125,185.85659790039062,1220.1065673828125,236.06643676757812,0.9447420835494995
152,1030.541015625,184.321044921875,1154.9268798828125,233.4179229736328,0.9335945844650269
152,601.7471923828125,173.44097900390625,635.583740234375,201.7181396484375,0.828494668006897
153,1093.02685546875,185.83908081054688,1220.158935546875,236.14837646484375,0.9415034055709839
153,1030.3001708984375,184.4305877685547,1155.075439453125,233.35838317871094,0.9336556196212769
153,954.7329711914062,183.3976593017578,1067.6158447265625,234.02532958984375,0.9231346845626831
153,601.99951171875,173.2952117919922,635.8034057617188,201.8327178955078,0.8374045491218567
154,1092.6226806640625,185.5049591064453,1220.7821044921875,236.49264526367188,0.945488452911377
154,1029.650146484375,184.30999755859375,1155.8011474609375,233.63858032226562,0.9317542910575867
154,954.560791015625,183.43719482421875,1068.0018310546875,233.88938903808594,0.9240840077400208
154,602.1129760742188,173.37844848632812,635.8511352539062,201.87448120117188,0.8600512742996216
155,1092.6494140625,185.42431640625,1220.5035400390625,236.50099182128906,0.9397515058517456
155,1029.0928955078125,184.04209899902344,1156.3182373046875,233.81878662109375,0.9330042004585266
155,953.8258666992188,183.2635498046875,1068.5728759765625,233.84042358398438,0.914369523525238
155,601.896484375,173.13436889648438,636.4180908203125,201.95016479492188,0.8536338806152344
155,598.0695190429688,173.69520568847656,622.3495483398438,193.29295349121094,0.553091824054718
156,1093.007568359375,185.21878051757812,1220.461181640625,236.7214813232422,0.9450764060020447
156,953.888916015625,182.96475219726562,1068.675537109375,233.8513641357422,0.9328753352165222
156,1028.8619384765625,184.0359344482422,1156.63134765625,233.86868286132812,0.9237614870071411
156,601.9933471679688,173.19656372070312,636.53564453125,202.03318786621094,0.8367211222648621
156,597.7726440429688,173.62939453125,622.423828125,193.44747924804688,0.5658385157585144
157,1093.293212890625,184.99560546875,1220.6434326171875,236.8759307861328,0.9470263719558716
157,1032.16455078125,183.81288146972656,1158.77001953125,234.42225646972656,0.9308536052703857
157,953.31494140625,182.66590881347656,1069.512451171875,234.23214721679688,0.9308153986930847
157,601.88818359375,173.08389282226562,636.6394653320312,202.2601318359375,0.8340358138084412
157,597.7421264648438,173.53773498535156,622.3775634765625,193.49769592285156,0.5731181502342224
158,1093.8248291015625,184.9677276611328,1219.875,236.669677734375,0.9389466047286987
158,954.113037109375,182.69580078125,1068.7215576171875,234.3170166015625,0.9201847910881042
158,1032.0953369140625,184.31427001953125,1158.738525390625,234.13394165039062,0.9078688025474548
158,602.0086059570312,173.1110076904297,636.5599975585938,202.44224548339844,0.8197038173675537
158,597.7669067382812,173.43423461914062,622.443603515625,193.43955993652344,0.5797240138053894
159,1092.9554443359375,184.8990478515625,1221.177490234375,236.70797729492188,0.9440567493438721
159,1032.52734375,184.15708923339844,1158.2559814453125,234.25576782226562,0.9101176261901855
159,955.1880493164062,182.8454132080078,1067.7200927734375,234.5446319580078,0.9060079455375671
159,602.05859375,173.1824188232422,636.541259765625,202.6749725341797,0.8097456097602844
159,597.5790405273438,173.35560607910156,622.5261840820312,193.64163208007812,0.5857707262039185
160,1092.4444580078125,184.87005615234375,1221.491943359375,236.776123046875,0.9346923828125
160,1031.095458984375,183.91409301757812,1159.27734375,234.2023468017578,0.9126855731010437
160,955.2664184570312,181.48919677734375,1067.4794921875,232.86399841308594,0.8979270458221436
160,602.7971801757812,172.7659912109375,637.337646484375,203.17977905273438,0.8147512674331665
160,597.8265991210938,173.3701171875,622.5406494140625,193.62344360351562,0.605670690536499
161,1091.7557373046875,184.89230346679688,1222.7757568359375,236.93832397460938,0.9281468391418457
161,1031.28369140625,183.88958740234375,1159.0865478515625,234.17970275878906,0.9177921414375305
161,954.314208984375,183.09335327148438,1068.374755859375,234.02532958984375,0.891248881816864
161,602.6784057617188,172.46791076660156,637.4439086914062,203.32728576660156,0.8276007771492004
161,598.0137939453125,173.24192810058594,622.3379516601562,193.36648559570312,0.6325526237487793
162,1092.275390625,184.80648803710938,1221.743408203125,236.8054656982422,0.9238429665565491
162,1031.0989990234375,183.8048553466797,1159.1309814453125,234.39698791503906,0.9162487983703613
162,955.2130737304688,183.1256866455078,1066.7432861328125,233.84425354003906,0.8281221985816956
162,601.818603515625,172.97203063964844,636.9269409179688,203.0021514892578,0.8209774494171143
162,597.8287353515625,173.31224060058594,622.5225219726562,193.47193908691406,0.6333991885185242
163,1092.3707275390625,185.3673858642578,1221.5938720703125,236.3983612060547,0.932185709476471
163,1030.6551513671875,183.76853942871094,1159.7969970703125,234.61178588867188,0.9150485396385193
163,956.1964111328125,183.1389617919922,1066.5450439453125,233.95970153808594,0.8422755599021912
163,601.6917724609375,172.96046447753906,636.9866333007812,203.12445068359375,0.8368667960166931
163,597.8209228515625,173.36219787597656,622.5503540039062,193.40989685058594,0.6456066370010376
164,1093.113037109375,185.34329223632812,1220.9517822265625,236.21426391601562,0.9353107810020447
164,1032.491943359375,183.75535583496094,1158.0223388671875,234.77748107910156,0.9039902091026306
164,601.6954956054688,172.90049743652344,637.0221557617188,203.21243286132812,0.8375998735427856
164,958.7182006835938,183.22976684570312,1064.94775390625,231.50526428222656,0.8034533858299255
164,597.758544921875,173.25344848632812,622.6240844726562,193.46994018554688,0.6488446593284607
164,972.8800659179688,183.29055786132812,1072.579833984375,230.76185607910156,0.5538892149925232
165,1092.3902587890625,184.96868896484375,1221.1695556640625,236.49655151367188,0.916681170463562
165,1033.2581787109375,183.96739196777344,1156.995361328125,234.41427612304688,0.8715411424636841
165,601.6470336914062,173.0202178955078,636.9031372070312,203.08859252929688,0.857811689376831
165,956.8168334960938,183.4126739501953,1066.3179931640625,231.29425048828125,0.8513872623443604
165,597.6676635742188,173.21998596191406,622.5444946289062,193.396484375,0.6613739728927612
166,1093.4185791015625,184.78781127929688,1220.309814453125,236.8275909423828,0.9000177383422852
166,1033.427001953125,183.33494567871094,1157.7750244140625,234.87374877929688,0.8834333419799805
166,955.9790649414062,183.63246154785156,1067.0509033203125,231.05511474609375,0.8548069000244141
166,601.681396484375,173.07327270507812,636.9768676757812,203.08033752441406,0.852942168712616
166,597.7578735351562,173.11122131347656,622.3821411132812,193.26011657714844,0.6612176299095154
166,970.8823852539062,184.37557983398438,1075.169189453125,229.25267028808594,0.4136126935482025
167,1094.000732421875,184.62686157226562,1220.152099609375,236.8925018310547,0.9188404679298401
167,953.9946899414062,183.0695037841797,1068.447998046875,231.52098083496094,0.8934611678123474
167,1033.4600830078125,183.22750854492188,1157.3465576171875,234.4010772705078,0.8635622262954712
167,601.6904296875,173.068359375,637.0465698242188,203.11813354492188,0.8496502637863159
167,597.7798461914062,173.01756286621094,622.3812866210938,193.035400390625,0.6806972622871399
168,1095.508056640625,185.27792358398438,1218.346435546875,236.52249145507812,0.8962957262992859
168,955.8048706054688,182.9412841796875,1066.8677978515625,231.7353515625,0.8897660970687866
168,1034.2359619140625,184.03916931152344,1156.8258056640625,233.95220947265625,0.8486421704292297
168,601.7655029296875,173.0755157470703,637.1267700195312,202.93472290039062,0.8408263325691223
168,597.956787109375,173.07435607910156,622.6005249023438,193.06552124023438,0.6822264790534973
169,1095.2061767578125,185.11537170410156,1218.778564453125,236.63421630859375,0.907404899597168
169,1034.358154296875,183.775146484375,1156.6998291015625,234.11367797851562,0.8904459476470947
169,956.442626953125,183.34368896484375,1066.5640869140625,231.0966339111328,0.8406426906585693
169,601.6829223632812,173.22215270996094,637.2528076171875,202.94464111328125,0.8254681825637817
169,597.7108154296875,173.0968475341797,622.7603149414062,193.2643280029297,0.6810352206230164
170,1095.5626220703125,184.63009643554688,1218.40576171875,236.84109497070312,0.9047223329544067
170,1032.9151611328125,183.38258361816406,1157.8731689453125,234.2993927001953,0.8886469602584839
170,957.0026245117188,182.6448974609375,1066.034912109375,235.13250732421875,0.8762505650520325
170,601.7406005859375,173.09312438964844,637.19287109375,203.0314483642578,0.8280787467956543
170,597.635986328125,173.0784912109375,622.8040771484375,193.2884979248047,0.6837651133537292
171,1094.5618896484375,184.0167999267578,1219.352294921875,237.05453491210938,0.9071791172027588
171,957.6365356445312,182.64181518554688,1065.109375,235.33338928222656,0.8803809881210327
171,1033.0052490234375,183.20762634277344,1157.828369140625,234.42300415039062,0.8783928751945496
171,601.7642822265625,173.20835876464844,637.2213745117188,203.0922393798828,0.8149615526199341
171,597.6292724609375,173.1082000732422,622.6231079101562,193.23509216308594,0.6775256991386414
172,1094.7884521484375,184.477783203125,1219.4385986328125,237.2038116455078,0.8875530362129211
172,955.6876220703125,182.66676330566406,1060.9061279296875,234.55435180664062,0.8608585596084595
172,1033.352294921875,183.84205627441406,1157.91064453125,233.99964904785156,0.8519163131713867
172,601.7731323242188,173.2228240966797,637.1265869140625,203.072509765625,0.8297961354255676
172,597.7003784179688,173.23226928710938,622.4526977539062,193.11016845703125,0.6795401573181152
173,954.93701171875,182.27401733398438,1062.194580078125,232.7075653076172,0.9057332873344421
173,1095.5191650390625,184.58023071289062,1218.27685546875,236.6408233642578,0.873569905757904
173,1034.7393798828125,184.1365203857422,1156.2266845703125,233.71835327148438,0.8509008884429932
173,601.7930297851562,173.2136993408203,637.0086669921875,203.03834533691406,0.834428071975708
173,597.75927734375,173.11932373046875,622.5972290039062,193.292724609375,0.6730237007141113
174,1095.642578125,184.60133361816406,1218.771240234375,236.10491943359375,0.9020388126373291
174,953.9092407226562,182.29226684570312,1063.7906494140625,234.81668090820312,0.877612829208374
174,1033.8870849609375,183.94049072265625,1156.365966796875,233.57008361816406,0.8474479913711548
174,601.9517822265625,173.3020782470703,636.9436645507812,202.91278076171875,0.8256675601005554
174,597.8261108398438,173.0743865966797,622.5010375976562,193.2628631591797,0.6703325510025024
175,1095.9857177734375,184.75567626953125,1219.14794921875,235.7979736328125,0.9096713662147522
175,955.8494873046875,182.21023559570312,1065.8946533203125,234.91989135742188,0.8933324813842773
175,1035.2257080078125,183.38490295410156,1155.6866455078125,234.4848175048828,0.8755598664283752
175,601.9463500976562,173.27102661132812,636.9094848632812,202.97378540039062,0.8258038759231567
175,597.7361450195312,173.06301879882812,622.6110229492188,193.1591033935547,0.6759573221206665
176,1095.93017578125,185.19528198242188,1219.4149169921875,235.68478393554688,0.8995062112808228
176,955.7469482421875,182.55093383789062,1066.2216796875,234.520263671875,0.8913305997848511
176,1033.26025390625,183.64114379882812,1152.082763671875,234.0098876953125,0.8370654582977295
176,601.81103515625,173.2669219970703,637.12548828125,202.9625244140625,0.8137884140014648
176,597.76171875,173.05441284179688,622.7144775390625,193.2923126220703,0.6826627850532532
177,956.6077270507812,182.79554748535156,1065.98193359375,232.1299591064453,0.894475519657135
177,1031.2950439453125,183.60963439941406,1153.9232177734375,234.3423309326172,0.8693419098854065
177,1096.4390869140625,185.6416473388672,1218.67724609375,235.81016540527344,0.8411808013916016
177,602.041015625,173.2555694580078,636.96630859375,202.9342803955078,0.8066573739051819
177,597.7606811523438,173.12384033203125,622.7612915039062,193.2516632080078,0.683689296245575
178,955.3277587890625,182.64581298828125,1066.8359375,232.0519561767578,0.9164616465568542
178,1094.7337646484375,185.54586791992188,1220.2467041015625,235.63909912109375,0.9087002277374268
178,1029.957763671875,183.7501983642578,1155.36279296875,234.24073791503906,0.8492900133132935
178,601.7915649414062,173.20924377441406,637.0851440429688,202.9193572998047,0.824435830116272
178,597.7237548828125,173.04209899902344,622.8656616210938,193.40670776367188,0.6855306029319763
179,1094.507568359375,184.85337829589844,1220.1495361328125,236.17726135253906,0.891270637512207
179,956.0963745117188,182.62518310546875,1066.0406494140625,231.3682861328125,0.863393247127533
179,1032.83837890625,183.8607635498047,1158.2789306640625,234.7228240966797,0.8518505096435547
179,601.8557739257812,173.3058624267578,637.1563720703125,202.9291229248047,0.7994723916053772
179,597.8157958984375,173.1156768798828,622.7943115234375,193.29977416992188,0.6873614192008972
180,1095.8426513671875,184.62744140625,1219.2816162109375,236.14564514160156,0.8820637464523315
180,1032.6561279296875,184.22108459472656,1158.568115234375,234.0722198486328,0.8453524112701416
180,957.2119140625,181.8931121826172,1065.076171875,231.05947875976562,0.8445170521736145
180,601.7298583984375,173.3135986328125,637.1541748046875,202.9210968017578,0.8237798810005188
180,597.8248291015625,173.19041442871094,622.7574462890625,193.4329376220703,0.6832716464996338
181,1095.9344482421875,184.8774871826172,1218.7392578125,236.00936889648438,0.8755314946174622
181,1031.194580078125,183.73472595214844,1160.122802734375,234.1762237548828,0.8460795283317566
181,956.5972900390625,181.89627075195312,1065.1622314453125,231.3428955078125,0.8208522200584412
181,601.8783569335938,173.33026123046875,637.0759887695312,202.8926239013672,0.8131160736083984
181,597.8432006835938,173.0882110595703,622.8674926757812,193.45883178710938,0.6796529293060303
182,1098.0098876953125,185.2935791015625,1216.70068359375,235.6392822265625,0.8727540969848633
182,954.972900390625,182.16763305664062,1067.197998046875,231.90472412109375,0.8504142761230469
182,1031.9461669921875,184.1019287109375,1158.8839111328125,234.15420532226562,0.8307833671569824
182,601.8587036132812,173.33770751953125,637.0054321289062,202.8743896484375,0.8251867294311523
182,597.7655639648438,173.10252380371094,622.6508178710938,193.24560546875,0.6756060719490051
183,1095.7691650390625,184.8349151611328,1218.7904052734375,235.81881713867188,0.9223147034645081
183,958.6777954101562,182.69923400878906,1063.20654296875,230.81602478027344,0.8631677031517029
183,1031.653564453125,183.93402099609375,1159.3465576171875,234.1207733154297,0.8346210718154907
183,602.09619140625,173.46966552734375,636.9187622070312,202.8173828125,0.7953834533691406
183,597.8865356445312,173.05416870117188,622.6826782226562,193.2074737548828,0.6646325588226318
184,1096.3121337890625,184.8497772216797,1218.2373046875,235.82177734375,0.916508674621582
184,1029.7669677734375,183.81903076171875,1154.4527587890625,233.61204528808594,0.8630715012550354
184,956.03662109375,180.90487670898438,1067.3306884765625,237.31939697265625,0.8510788679122925
184,602.028076171875,173.3671875,636.9327392578125,202.7891845703125,0.814009428024292
184,597.8330078125,173.0850830078125,622.5306396484375,193.06626892089844,0.6654881834983826
185,1028.5360107421875,183.9205322265625,1155.241943359375,233.66815185546875,0.9040012359619141
185,1097.0653076171875,185.4758758544922,1216.3455810546875,234.90977478027344,0.8878710865974426
185,602.1751098632812,173.46409606933594,636.8350830078125,202.76226806640625,0.79921555519104
185,957.3391723632812,183.2890167236328,1067.101806640625,234.36767578125,0.7730006575584412
185,597.8638916015625,173.1683807373047,622.6649780273438,193.16583251953125,0.666836678981781
186,1096.2860107421875,185.39662170410156,1217.2105712890625,235.89715576171875,0.9370455741882324
186,1028.8082275390625,184.35525512695312,1155.023193359375,234.0551300048828,0.8811286091804504
186,955.1043090820312,182.749755859375,1060.50244140625,232.18508911132812,0.8541657328605652
186,602.0142211914062,173.31192016601562,636.97412109375,202.7757568359375,0.8081857562065125
186,597.727783203125,173.19818115234375,622.6380615234375,193.12315368652344,0.6699389815330505
187,1094.960693359375,185.17391967773438,1218.89453125,236.22488403320312,0.9486156105995178
187,954.9950561523438,183.3367462158203,1063.1573486328125,234.52232360839844,0.9106964468955994
187,1028.0301513671875,184.1094207763672,1156.530029296875,235.10867309570312,0.8978268504142761
187,601.9200439453125,173.23587036132812,637.07177734375,202.8201446533203,0.809152364730835
187,597.7245483398438,173.0587158203125,622.8576049804688,193.2166290283203,0.6668760180473328
188,1094.28271484375,185.31619262695312,1219.3931884765625,236.34634399414062,0.9447137117385864
188,955.0870971679688,182.9762725830078,1066.0457763671875,234.5761260986328,0.934382438659668
188,1028.458740234375,183.68060302734375,1155.55712890625,235.60464477539062,0.921141505241394
188,601.6356201171875,173.21673583984375,637.252197265625,202.86813354492188,0.8212237358093262
188,597.666015625,173.08558654785156,622.8524169921875,193.29083251953125,0.6613494753837585
189,954.2633056640625,182.8588104248047,1067.102294921875,234.7621307373047,0.9478513598442078
189,1094.150146484375,185.46212768554688,1219.1400146484375,236.4425048828125,0.9420102834701538
189,1028.4495849609375,184.02474975585938,1156.0709228515625,235.67984008789062,0.9181573987007141
189,601.9071044921875,173.289794921875,637.0557250976562,202.81991577148438,0.8161222338676453
189,597.6875610351562,173.13890075683594,622.8817749023438,193.256103515625,0.6521901488304138
190,954.3504028320312,182.97972106933594,1066.8343505859375,234.857666015625,0.95260089635849
190,1093.2286376953125,185.46463012695312,1219.8778076171875,236.8292999267578,0.9322788715362549
190,1026.4041748046875,183.9140625,1158.837890625,235.72390747070312,0.9238138198852539
190,602.0032958984375,173.36282348632812,636.9383544921875,202.74880981445312,0.8145882487297058
190,597.7507934570312,173.16329956054688,622.6297607421875,193.06349182128906,0.6454898118972778
191,954.3236083984375,182.81961059570312,1067.3350830078125,234.95298767089844,0.9602342247962952
191,1027.8319091796875,184.00865173339844,1157.4664306640625,235.5199432373047,0.8996589183807373
191,1092.9908447265625,185.9906005859375,1220.241943359375,236.54261779785156,0.8972691893577576
191,602.0139770507812,173.42495727539062,636.9002685546875,202.74266052246094,0.8136580586433411
191,597.7662963867188,173.25648498535156,622.5897827148438,193.2194061279297,0.6359437704086304
192,954.3901977539062,182.69259643554688,1067.0174560546875,234.72901916503906,0.9542962908744812
192,1028.454833984375,183.57293701171875,1156.1588134765625,234.86280822753906,0.9151779413223267
192,1095.5531005859375,185.63568115234375,1218.3590087890625,236.6070556640625,0.8897985816001892
192,602.2781372070312,173.48394775390625,636.7225952148438,202.66241455078125,0.7999751567840576
192,597.9395141601562,173.23748779296875,622.6131591796875,193.22874450683594,0.6280656456947327
193,954.4125366210938,182.49925231933594,1067.050537109375,234.6329345703125,0.9496071338653564
193,1029.08837890625,183.73162841796875,1155.6990966796875,234.1184844970703,0.9430620074272156
193,1097.1988525390625,186.11399841308594,1217.84228515625,235.67137145996094,0.8573522567749023
193,602.0921630859375,173.4740447998047,636.9112548828125,202.7743682861328,0.7940673828125
193,597.87109375,173.3790283203125,622.5035400390625,193.1998748779297,0.6211683750152588
194,954.58544921875,182.65628051757812,1066.99755859375,234.54331970214844,0.9514182209968567
194,1030.0701904296875,183.79490661621094,1155.0423583984375,233.60208129882812,0.9378698468208313
194,1092.343017578125,184.37188720703125,1222.9345703125,241.58790588378906,0.9037991166114807
194,602.3792724609375,173.4806671142578,636.6101684570312,202.62002563476562,0.7996066212654114
194,598.0720825195312,173.23504638671875,622.4558715820312,193.1206817626953,0.614996612071991
195,954.3114013671875,182.70716857910156,1067.2799072265625,234.58494567871094,0.953983724117279
195,1029.5205078125,183.8277587890625,1155.1612548828125,233.61129760742188,0.95219886302948
195,1094.9500732421875,185.13002014160156,1218.5341796875,237.20504760742188,0.9055752754211426
195,602.20947265625,173.4208526611328,636.7875366210938,202.7074432373047,0.7971013188362122
195,597.8488159179688,173.24916076660156,622.5933837890625,193.2789306640625,0.6110517978668213
196,954.4938354492188,182.7617950439453,1067.2703857421875,234.5120849609375,0.955450177192688
196,1029.7197265625,183.87600708007812,1155.2296142578125,233.64208984375,0.9522310495376587
196,1094.622314453125,184.448974609375,1218.6534423828125,237.69183349609375,0.9363846182823181
196,602.1342163085938,173.4160919189453,636.7982177734375,202.60818481445312,0.8081575036048889
196,597.7911376953125,173.13787841796875,622.46044921875,193.15415954589844,0.6112353801727295
197,954.5433349609375,182.76502990722656,1067.172119140625,234.4430694580078,0.953482449054718
197,1030.2373046875,184.02066040039062,1155.0902099609375,233.34788513183594,0.9450765252113342
197,1094.25,184.7855224609375,1219.00439453125,237.74459838867188,0.9418574571609497
197,602.1209106445312,173.3973846435547,636.8203735351562,202.69032287597656,0.80584716796875
197,597.7197875976562,173.06199645996094,622.53271484375,193.1691436767578,0.6127206087112427
198,1094.0877685546875,184.90298461914062,1219.7874755859375,237.26458740234375,0.9554861783981323
198,954.6453247070312,182.8363494873047,1067.2059326171875,234.4116973876953,0.955407440662384
198,1030.3492431640625,184.02481079101562,1154.996337890625,233.1984100341797,0.9433244466781616
198,602.1741333007812,173.3450164794922,636.7973022460938,202.66448974609375,0.7997608184814453
198,597.675048828125,172.9925079345703,622.4835205078125,193.1597900390625,0.6026344895362854
199,1094.806884765625,185.1326904296875,1219.713134765625,236.6309051513672,0.9599334597587585
199,954.503662109375,182.83457946777344,1067.17626953125,234.28965759277344,0.9512029886245728
199,1030.568359375,184.0445098876953,1154.7071533203125,233.0802764892578,0.9417767524719238
199,602.4537353515625,173.49984741210938,636.5394897460938,202.58544921875,0.7769551277160645
199,597.7886352539062,173.10260009765625,622.6149291992188,193.2444305419922,0.5846893191337585
200,1095.1356201171875,185.17662048339844,1219.6356201171875,236.30247497558594,0.9587858319282532
200,954.4221801757812,182.78021240234375,1067.5115966796875,234.27532958984375,0.9520118832588196
200,1030.5106201171875,184.02940368652344,1154.7750244140625,233.1118621826172,0.9422714114189148
200,602.3756713867188,173.43435668945312,636.601806640625,202.67477416992188,0.7689927220344543
200,597.7581787109375,173.1232452392578,622.4931640625,193.29075622558594,0.5751258730888367
201,1094.9158935546875,185.20506286621094,1219.6790771484375,236.17959594726562,0.9621515870094299
201,954.6380004882812,182.81187438964844,1067.2935791015625,234.29957580566406,0.9528259038925171
201,1030.4417724609375,184.04393005371094,1154.85400390625,233.08787536621094,0.942396879196167
201,602.8501586914062,172.87733459472656,637.049072265625,203.20950317382812,0.7635617256164551
201,597.9010009765625,173.1016387939453,622.7025756835938,193.44088745117188,0.5837092995643616
202,1094.9700927734375,185.25502014160156,1219.657958984375,236.22511291503906,0.9628131985664368
202,954.5142211914062,182.7435760498047,1067.3447265625,234.39820861816406,0.9530733823776245
202,1030.8848876953125,184.13436889648438,1154.5966796875,232.99253845214844,0.9388256669044495
202,602.176513671875,173.28236389160156,636.8442993164062,202.81866455078125,0.7820779085159302
202,597.8040161132812,173.17901611328125,622.6802978515625,193.22601318359375,0.5924437046051025
203,1094.83056640625,185.216552734375,1219.7017822265625,236.1645965576172,0.9641276001930237
203,954.355712890625,182.7576904296875,1067.5118408203125,234.34429931640625,0.9522510170936584
203,1030.77734375,184.11585998535156,1154.5223388671875,233.03268432617188,0.9408448934555054
203,602.154541015625,173.24148559570312,636.877685546875,202.883056640625,0.7741985321044922
203,597.6563720703125,173.1688690185547,622.6928100585938,193.32943725585938,0.5847099423408508
204,1094.8990478515625,185.25608825683594,1219.8096923828125,236.09889221191406,0.9628360271453857
204,954.5606689453125,182.77740478515625,1067.3250732421875,234.31227111816406,0.9512422680854797
204,1030.761962890625,184.0883331298828,1154.696533203125,233.02626037597656,0.9388915300369263
204,602.2568969726562,173.2236785888672,636.7424926757812,202.76622009277344,0.7874050736427307
204,597.8099975585938,173.21514892578125,622.7672729492188,193.41395568847656,0.5859150290489197
205,1094.787353515625,185.29762268066406,1219.9442138671875,236.3216552734375,0.9624204635620117
205,954.3880004882812,182.8207550048828,1067.3294677734375,234.3243408203125,0.950974702835083
205,1030.7537841796875,184.0914764404297,1154.58349609375,233.04795837402344,0.9411880970001221
205,602.3710327148438,173.29107666015625,636.59814453125,202.79971313476562,0.7874946594238281
205,597.80419921875,173.26039123535156,622.7051391601562,193.5001220703125,0.5597207546234131
206,1095.35302734375,185.3616180419922,1219.95947265625,236.30870056152344,0.955659806728363
206,954.3939208984375,182.7076873779297,1067.24365234375,234.32257080078125,0.9469565749168396
206,1030.7471923828125,184.0929412841797,1154.8785400390625,233.02076721191406,0.9360960721969604
206,602.5300903320312,173.35333251953125,636.53369140625,202.7389678955078,0.7728558778762817
206,597.9821166992188,173.27586364746094,622.8508911132812,193.5354461669922,0.555137574672699
207,954.4713745117188,182.79226684570312,1067.2596435546875,234.23834228515625,0.947579026222229
207,1095.896484375,185.22698974609375,1218.885009765625,235.4356689453125,0.9461145997047424
207,1031.07763671875,184.15013122558594,1154.2034912109375,232.88697814941406,0.9392334818840027
207,602.28857421875,173.24867248535156,636.7120361328125,202.81204223632812,0.7806605100631714
207,598.0479125976562,173.2634735107422,622.9597778320312,193.711669921875,0.5366971492767334
208,954.341552734375,182.76715087890625,1067.3111572265625,234.30825805664062,0.94838547706604
208,1030.8223876953125,183.98861694335938,1154.37353515625,233.1970977783203,0.9466080069541931
208,1096.502685546875,185.57342529296875,1217.6627197265625,234.9987335205078,0.935197651386261
208,602.1521606445312,173.23321533203125,636.886474609375,202.933349609375,0.7809416651725769
208,598.0386352539062,173.33160400390625,623.0595703125,193.72962951660156,0.5316533446311951
