0,1109.5554,179.36575,1197.3547,314.45007,0.9999083
0,772.6455,172.86652,869.1234,353.39307,0.9718455
0,227.92526,192.79128,240.0155,219.55272,0.7975448
0,157.69165,174.18434,172.47104,221.82008,0.40343857
1,1144.774,173.48224,1219.6964,311.2448,0.9999367
1,783.00946,170.61372,881.10944,359.50708,0.91084635
1,238.2777,187.15614,248.78963,216.69664,0.5809523
1,225.33173,189.01392,237.556,216.44962,0.47136873
1,1140.204,198.96072,1221.5614,263.0401,0.31681246
1,1143.2128,176.09563,1181.1193,253.9633,0.15947184
1,1141.6622,206.36317,1156.2648,248.28343,0.09630241
1,1148.7554,177.30565,1169.1318,245.78447,0.06913566
2,1175.2954,161.06021,1233.9006,310.95166,0.99984217
2,787.777,166.54413,879.7931,345.94568,0.92285776
2,246.20085,182.03477,258.07452,208.07948,0.8005604
2,1218.8516,182.43652,1236.927,249.44235,0.110536866
2,806.6561,162.29077,872.1903,249.09677,0.087469235
3,1194.4705,158.75974,1242.0,313.25677,0.99638295
3,794.28973,162.38318,885.60614,329.09546,0.906482
3,255.43398,173.23094,267.7567,201.72157,0.52495766
3,1211.3287,172.57085,1238.3578,256.2865,0.19440487
3,41.548622,177.02742,55.7855,202.8336,0.0905719
3,81.21847,179.04134,96.88404,206.96135,0.07656163
3,1213.8301,157.32657,1233.3132,221.4497,0.05618929
4,1209.7882,182.42807,1242.0,309.14944,0.970722
4,797.65546,161.95197,896.1154,320.2649,0.87938505
4,266.40417,173.74107,279.83496,200.03896,0.3574829
4,239.35551,166.94484,252.7433,200.12044,0.16361
4,1215.8811,162.67303,1242.0,269.75058,0.11008556
5,803.4185,164.0742,896.77936,337.73694,0.9640741
5,289.61914,179.13419,301.56427,201.5531,0.2898507
5,274.01077,175.75453,284.6036,201.32814,0.13366377
5,806.7208,167.77559,895.43054,241.91685,0.10788438
6,283.27377,175.30333,296.85385,201.81834,0.91509527
6,802.8612,166.18942,902.8019,332.18332,0.7643225
6,798.49243,166.29395,892.3013,250.06253,0.20085397
6,110.80157,184.39665,131.51636,206.08055,0.08676337
6,271.23337,176.39189,285.6185,201.5836,0.057518408
7,806.6582,168.1572,912.76416,332.25073,0.9566879
7,289.89676,175.74234,302.9537,202.23288,0.2334586
7,809.1183,175.90787,901.6134,263.5891,0.17913361
8,804.5072,174.99625,910.4878,340.3878,0.66488755
8,132.29298,189.43262,147.48857,212.043,0.12359058
8,809.17346,179.87665,907.82104,261.9471,0.051889576
9,0.0,197.20454,14.439621,223.83662,0.6632518
9,804.446,173.06973,903.43243,337.1507,0.3066865
9,0.0,181.61014,14.486536,214.58572,0.15886854
9,0.0,192.68146,22.545582,214.16235,0.14483932
9,139.72444,184.58607,157.9594,210.61845,0.14135598
10,804.8563,177.20782,906.775,364.6706,0.90520763
10,147.8777,186.816,168.10622,214.51903,0.08539215
10,817.06573,187.17697,901.8587,273.76047,0.07605844
11,803.78046,173.98178,902.25055,359.7601,0.55046666
12,162.31055,187.99652,178.48364,215.76157,0.7916729
12,800.6902,172.85017,903.8701,348.37317,0.27374512
12,159.84647,185.69452,185.03192,209.48318,0.14578065
13,169.44641,186.75554,190.60306,212.7183,0.4746366
13,797.6383,169.63754,894.3081,349.39816,0.20200829
13,414.3094,181.39426,427.39008,203.62039,0.0841865
14,430.594,176.99341,442.7008,200.50809,0.18534073
14,796.8103,169.99243,887.926,344.7743,0.10900493
14,478.69922,175.94455,496.04388,209.14478,0.07319876
14,180.05612,187.07812,201.17874,213.36652,0.06405222
15,189.23337,186.80087,206.487,216.16953,0.46086073
15,790.67065,173.44858,884.4712,337.03687,0.12570369
15,421.55524,179.84908,434.62195,201.5573,0.0645668
16,786.8882,171.10481,878.1376,332.94257,0.36149764
16,195.5697,185.59578,214.39969,210.30147,0.07317511
17,784.92426,176.00656,867.4476,324.85532,0.8340475
17,204.89491,186.56514,221.84315,214.88145,0.49016955
17,437.4339,178.0554,449.5572,200.02248,0.15259396
17,493.52594,182.63249,511.51123,209.56496,0.052597784
18,779.47034,183.70021,859.9081,332.53436,0.3358341
19,770.75354,189.994,858.6133,342.71332,0.9389236
19,217.51906,200.25975,237.92036,225.11595,0.2799359
20,759.26483,194.0513,861.2188,345.52603,0.9603569
21,750.48816,190.27072,836.9332,353.63693,0.8847818
21,403.29794,194.34935,414.51846,224.08089,0.78705424
21,780.1455,191.46587,835.02185,287.0699,0.11207458
22,746.5529,189.68431,841.92633,339.13696,0.9890878
22,411.13373,196.34431,428.40802,219.48994,0.12169148
22,419.7436,184.29568,434.80334,217.01666,0.073812045
23,740.3692,187.4584,825.0529,343.23886,0.7984749
23,419.87158,187.17754,429.7094,215.7379,0.33164555
23,249.74509,197.63539,269.90115,221.47758,0.17356284
24,421.48337,190.13214,433.671,216.36649,0.50009584
24,0.85066986,192.03598,16.616615,241.59518,0.46668577
24,726.00397,193.57599,810.1762,345.38635,0.36778197
24,31.857656,194.47069,46.164574,232.1089,0.22324531
24,1.4388256,205.82797,23.619535,246.22589,0.19494574
24,0.0,164.13797,11.404457,214.81604,0.06391605
25,724.63324,186.60262,802.8719,338.9817,0.8330063
25,263.7111,196.24113,287.96323,221.58473,0.089091375
26,711.8089,180.95457,794.90497,328.6007,0.5269937
26,436.93488,176.37401,448.5196,204.38008,0.061202463
26,441.1542,182.19258,456.85507,207.68639,0.053434942
27,702.22894,173.71686,783.3149,313.99127,0.5909447
27,449.931,171.37976,462.08072,198.85165,0.22255315
27,494.29507,165.59927,508.319,197.08487,0.07002224
28,688.7601,172.79184,775.19366,313.51532,0.9238475
28,410.8155,161.8652,425.7973,202.29385,0.47893468
28,446.65036,169.37837,458.09378,202.98851,0.2651495
28,417.90155,159.33325,431.70996,203.01996,0.16068651
28,0.0,205.74634,11.650673,245.9762,0.092947446
28,468.2141,171.82521,480.2317,201.85567,0.08609549
28,461.13614,171.56973,477.15384,200.56311,0.050799023
29,1220.2549,192.3593,1242.0,284.31998,0.85059786
29,679.5664,177.04628,755.65137,308.40515,0.834695
29,467.3325,176.35512,478.63376,202.54884,0.5546255
29,1218.9813,218.25171,1242.0,254.38232,0.2675495
29,1219.5139,235.16968,1242.0,281.51166,0.12956767
29,699.8368,177.60316,750.26733,239.87346,0.06194533
30,470.84064,175.5133,484.9922,204.9617,0.80646473
30,671.0781,173.38481,751.87354,318.49078,0.651886
30,424.1494,163.45432,442.91223,206.03204,0.17533927
31,657.2775,172.57101,735.13776,314.06885,0.87186915
31,481.07227,174.97484,493.24554,204.74977,0.5552982
32,654.5633,179.08243,729.1148,314.60153,0.97532815
32,487.31482,174.80989,501.53998,203.67314,0.7045598
33,641.01385,172.29398,713.67865,323.16534,0.9767169
33,500.00992,176.03668,512.4675,206.41003,0.7119741
33,327.20078,187.18744,343.7006,215.3989,0.22968583
33,336.9307,185.72224,355.79855,205.26323,0.08150464
33,432.2626,206.07489,443.65567,246.94788,0.07443026
33,260.0116,182.11499,271.91376,199.33044,0.0607054
33,651.6001,168.27725,672.0447,194.38165,0.055959374
34,633.9728,171.97348,700.3916,318.61737,0.99925524
34,678.6725,173.46426,693.9033,210.02069,0.63112944
34,505.5454,174.90082,519.31616,206.02594,0.37785277
34,335.3533,186.66122,356.09995,214.83722,0.14655134
34,360.00885,183.9348,372.70514,217.17271,0.13279702
34,661.917,165.11505,693.2545,212.62091,0.098517604
35,625.95325,167.74144,695.08203,308.91382,0.9918882
35,515.63184,174.36337,528.2018,204.13248,0.34204188
35,624.7758,179.11694,641.2895,241.8689,0.2773913
35,279.17374,183.04802,293.53104,211.0211,0.12269734
35,341.97,186.64763,361.89767,214.48164,0.10551528
35,624.43536,171.03206,673.1729,237.5082,0.08322033
35,621.64716,168.64314,647.47906,232.42738,0.06626648
35,619.39777,174.60938,639.0866,217.26465,0.06292565
35,277.98547,180.56197,290.89453,199.45335,0.055355392
36,619.23706,164.82031,685.8174,310.14124,0.9966838
36,351.53375,183.17809,367.57263,208.74516,0.37535945
36,525.468,168.29019,537.22974,201.73068,0.35922012
36,475.52042,165.12823,490.8622,195.60596,0.22375275
36,479.3338,172.07193,491.51477,203.90683,0.20777929
36,500.17902,163.40274,516.9838,200.61017,0.1140451
36,619.257,171.86266,637.4467,232.102,0.06557352
36,613.74023,165.50543,672.4286,236.73666,0.061642546
36,543.4287,174.69218,556.60754,200.86955,0.051175736
37,609.5433,166.56844,675.00214,308.41754,0.982734
37,535.1657,168.09763,547.1015,203.50095,0.5355536
37,360.27872,184.97324,380.34897,208.54205,0.47714743
37,619.2866,170.85863,637.0707,226.82191,0.276674
37,362.67596,185.36403,397.99792,211.07207,0.14697982
37,613.0045,174.1718,681.3688,251.36436,0.06524398
37,356.18732,183.0045,369.38464,203.61565,0.057968162
37,603.2444,168.56075,634.98206,232.89165,0.055548083
38,602.3724,172.27466,675.4057,310.4687,0.9845382
38,369.92297,185.1947,385.16058,212.27658,0.8715885
38,546.5964,171.96695,558.5621,204.37897,0.22238828
38,365.7907,183.77933,395.7163,206.37756,0.12690198
38,351.0054,181.87636,361.34256,206.03062,0.11791334
38,383.94135,184.6466,402.45575,204.67188,0.10716426
38,306.97595,182.85307,323.74274,209.28954,0.092094176
38,377.8141,189.08813,404.5149,215.49557,0.053069487
38,538.18567,177.8239,556.32874,205.88908,0.05194777
39,597.79626,170.76819,663.91626,314.57776,0.9901697
39,555.1126,173.50998,569.21515,206.34,0.6214083
39,543.07214,171.54553,556.5465,202.78793,0.19286259
39,574.9464,180.8584,591.1826,204.99014,0.15815023
39,553.0113,189.51753,583.9549,206.77946,0.07100718
39,640.21686,186.2366,658.85834,270.06696,0.06681783
39,579.4238,172.6763,596.52893,203.24664,0.06392288
39,566.1418,190.99185,601.8349,206.75787,0.06377223
39,526.47516,167.3167,547.72906,200.98488,0.063628584
40,595.3745,171.10089,662.02075,311.88544,0.96216977
40,566.331,176.36343,579.6806,208.66779,0.39112797
40,387.27094,187.69148,404.35217,216.15791,0.22799703
40,622.8256,167.65672,641.3765,190.7654,0.14431721
40,324.46066,184.59303,341.84702,213.94618,0.13319865
40,369.30896,180.06754,378.8365,207.0062,0.12965924
40,387.30875,187.65448,429.1459,213.90585,0.085957505
41,590.2575,173.09888,656.4006,310.0478,0.9851083
41,573.7182,175.818,592.4715,212.12494,0.8083301
41,593.8062,182.06097,607.45575,238.55054,0.1267319
41,627.00494,169.34232,641.9311,194.4986,0.12309661
41,626.83466,169.76785,644.92426,216.43527,0.09059565
41,593.5619,173.80832,606.3585,204.64957,0.07575964
41,578.56824,168.43073,595.0394,192.6594,0.07547125
41,587.91986,175.02042,604.137,213.38754,0.06756752
41,639.1851,173.18256,654.7436,212.52686,0.061939504
41,603.03345,169.5466,625.2831,193.46326,0.058634393
42,591.40735,174.10054,654.20544,317.6944,0.99646133
42,588.7618,177.83623,605.09076,225.90672,0.94508046
42,592.21875,177.81876,605.2195,207.1207,0.6723136
42,593.8966,182.83281,607.79553,242.40382,0.33590195
42,584.432,178.45238,600.60767,242.15855,0.19369158
42,598.53546,176.04236,637.53876,209.81683,0.065033995
42,703.98926,179.84744,731.13196,246.55185,0.05127355
43,593.6024,178.224,658.7356,317.25974,0.9760783
43,623.82263,179.80136,642.88403,210.31201,0.60621166
43,422.32385,196.7282,442.07324,222.19862,0.5200042
43,591.795,178.93071,607.34845,245.257,0.24052186
43,623.9947,182.92386,644.0754,241.75446,0.22128558
43,609.5858,163.96744,630.3716,188.32596,0.102311485
43,661.45294,172.61795,675.86676,203.87558,0.10060554
43,592.9102,178.18562,642.18976,239.2672,0.09622138
43,1224.4138,225.86984,1242.0,260.8665,0.07269466
44,594.2185,177.37013,654.5814,315.99402,0.93409973
44,624.9343,179.94525,648.0033,213.55734,0.21868415
44,624.43677,182.3701,658.7129,250.7242,0.19594404
44,434.5373,204.5549,463.1031,222.93277,0.14657487
44,436.03806,192.62509,450.2186,220.09213,0.08908749
44,681.83484,170.14552,695.32983,203.92815,0.07071626
45,595.06934,176.07515,656.3943,317.08368,0.9899592
45,697.4614,168.75371,709.386,204.44557,0.70104647
45,636.0526,176.83148,650.1483,216.63925,0.17566223
45,691.33496,169.95256,704.6953,208.14659,0.16802253
45,633.8296,175.59903,647.464,198.16428,0.1261585
45,621.4203,177.85608,646.9149,209.22488,0.07085607
45,326.5774,197.1466,338.05432,220.69452,0.0704663
46,595.9997,179.09863,667.5666,294.6018,0.9275044
46,649.03876,176.41817,661.1165,210.65596,0.5297628
46,704.2255,169.603,718.9692,205.32242,0.3143642
46,641.3732,175.331,654.50665,204.5365,0.14316921
46,601.6132,184.6275,621.94073,242.49216,0.052130718
46,584.1087,163.20854,668.4017,252.41432,0.05029423
47,606.0929,177.6733,667.3806,312.16907,0.9902615
47,596.3891,179.13484,657.58905,250.6014,0.16073637
47,670.4356,178.06334,681.6778,215.26863,0.099643365
47,721.6786,168.76564,735.7186,204.42567,0.08437728
47,663.6952,170.42581,680.8048,195.0455,0.07847821
47,608.59503,187.95233,655.6868,233.83188,0.06350785
47,729.694,167.98332,744.16907,203.3322,0.060481053
47,662.4141,175.02362,678.52045,216.50314,0.051361006
48,609.25793,175.77081,675.3629,317.1557,0.9963497
48,468.76773,179.748,478.1348,209.47566,0.24789304
48,600.7117,176.91788,676.5686,247.95944,0.202582
48,612.82056,184.95749,662.0906,234.96735,0.13069847
48,734.02136,164.71077,749.7468,204.34962,0.12656747
48,696.95746,185.3819,712.5877,210.34497,0.08180652
48,485.789,187.724,499.67255,218.1806,0.05068649
49,621.72687,175.51466,684.08405,315.85876,0.99150664
49,668.11896,205.6423,685.5512,275.19714,0.7067762
49,620.5859,178.20456,680.2448,252.64542,0.4141347
49,481.22012,181.56065,490.2272,210.65245,0.3967952
49,660.6003,189.88419,678.64166,273.50992,0.1786865
49,717.5619,184.04619,730.0803,210.41374,0.13856894
49,614.3267,210.67902,627.89655,249.8002,0.10766284
49,675.17035,205.3861,687.62274,242.92476,0.10235018
49,662.9654,203.99022,683.2022,253.69722,0.061165616
49,651.6909,203.32156,689.7871,271.57602,0.053591214
50,631.6276,177.56903,690.52924,314.67935,0.99089503
50,682.1754,201.62624,697.5541,233.9405,0.6202526
50,624.5413,177.15482,695.66656,245.49606,0.4110653
50,733.90424,183.51692,745.2409,209.74861,0.17737393
50,629.23566,184.36368,666.9244,235.31866,0.12770407
50,728.8761,180.17226,742.28894,215.1183,0.1071451
50,684.06006,202.9853,703.8707,245.60017,0.06658063
50,821.9955,176.63815,836.00085,208.85092,0.051592827
51,638.5,174.4422,695.9706,312.63977,0.9870974
51,643.5513,178.07047,692.07825,219.63235,0.40685812
51,639.86316,180.27504,700.99634,245.80302,0.15945594
51,670.08466,177.48232,684.31586,202.2614,0.1380168
51,653.2675,171.86723,668.59186,196.32332,0.07098525
52,648.6421,177.31134,709.36255,322.80518,0.9972765
52,535.24255,182.87115,545.4468,212.97928,0.3765114
52,475.2639,183.90814,492.55307,212.06497,0.0549416
52,517.01764,178.2079,525.13727,208.87218,0.051196396
53,658.65344,176.68005,717.7545,317.56818,0.9858289
53,528.31573,176.86894,537.5135,209.41875,0.56869125
53,1047.2307,179.41858,1059.9985,212.42639,0.1929194
53,659.11096,179.1318,683.84607,246.6984,0.09453336
53,878.12396,183.86789,891.294,204.99158,0.053519927
54,671.99854,174.6254,731.2788,313.9351,0.9597663
54,539.28687,174.96756,550.298,205.8547,0.31193882
54,695.6297,174.915,731.715,252.16927,0.20943883
54,544.6869,179.87668,553.11487,208.22745,0.20046315
54,693.7481,171.04356,715.5704,192.69225,0.18647699
54,699.8431,175.07227,726.9273,220.84128,0.07647181
54,843.7957,174.75476,856.06305,203.01074,0.06612339
54,573.3204,185.2348,586.8448,226.1633,0.052295923
55,688.2727,176.67451,741.24854,291.8537,0.9770206
55,707.22516,175.96515,743.5732,252.79944,0.41685766
55,718.59485,177.08948,741.2833,234.6907,0.36746025
55,708.5339,171.87204,731.4681,193.83203,0.19734295
55,688.662,171.03845,740.4724,227.98785,0.08699392
55,863.9054,183.30927,873.74414,210.78082,0.056075275
56,703.2455,177.79913,759.31006,304.5492,0.95861894
56,877.5124,179.98027,888.16547,213.2697,0.4456965
56,753.26624,177.85463,762.6964,222.79594,0.26427642
56,701.6347,175.31638,757.9611,231.69168,0.25971076
56,731.199,176.3236,757.4929,229.18523,0.2564077
56,0.0,158.0027,13.41069,215.05226,0.21156296
56,722.97705,172.5902,749.8386,197.3084,0.19521178
57,717.6543,175.8742,773.39514,308.9504,0.95765394
57,736.77277,173.13358,773.2901,241.36145,0.57134795
57,719.16974,176.73785,772.06366,219.26056,0.24073806
57,747.97516,174.35693,772.41144,274.74365,0.2297792
57,966.9449,173.29086,978.68085,201.4729,0.10005858
57,770.4871,175.52792,783.69415,223.17584,0.08632643
57,898.7706,175.5222,908.67163,211.31993,0.076972306
57,583.43195,180.0373,595.0007,212.55325,0.07437903
58,737.24634,174.95581,792.0382,318.5406,0.9938969
58,767.4618,173.97623,790.0796,229.11829,0.58036214
58,737.8298,175.53456,790.08075,227.55385,0.45093086
58,573.8473,173.21422,584.766,206.43404,0.1154982
58,755.4076,176.07863,793.74976,246.88222,0.07159837
59,751.73956,173.46663,809.7751,304.01868,0.9971521
59,1220.7693,168.84402,1242.0,229.98279,0.7939321
59,770.64197,175.28159,807.2428,247.28079,0.12017162
59,950.5951,178.41884,961.4768,208.99257,0.113451295
60,769.5428,175.43198,827.7044,300.86588,0.991172
60,840.8477,167.20593,853.1353,199.67706,0.28896675
60,1021.00854,215.3284,1034.2373,237.78174,0.18992536
60,791.9588,174.03113,827.9454,256.44293,0.1579074
60,987.31726,177.6921,1000.3176,214.85039,0.11706147
60,800.3948,173.16087,825.4132,227.17241,0.092069544
60,1007.2274,174.97401,1020.027,202.7434,0.059179723
60,839.8623,176.42096,852.9408,220.24207,0.055298734
61,787.18445,173.47754,847.5989,304.07648,0.9932162
61,856.0726,169.40778,869.53143,217.34183,0.7429605
61,808.9902,173.7109,845.4841,265.7353,0.7143143
61,854.23956,168.15726,869.5716,195.55124,0.43305516
61,1013.5873,215.03899,1034.4252,252.82613,0.29785457
61,592.24744,173.40788,602.1741,208.56267,0.25895
61,1017.1387,218.74356,1037.2747,292.36902,0.2584425
61,817.11017,173.11125,844.11346,229.7412,0.22577235
61,792.7283,177.12946,850.4109,229.63116,0.094332226
61,826.01904,180.84328,846.42615,241.01598,0.07220398
61,829.6151,178.51407,851.34033,220.33395,0.05127183
62,803.78046,172.40115,862.45905,311.97757,0.99764496
62,828.31226,173.89777,865.1481,290.93817,0.93165594
62,864.1089,168.89084,879.52686,204.9891,0.92350024
62,593.71606,172.34482,604.8801,205.43463,0.7997567
62,850.3051,169.73026,865.52216,200.26575,0.41857496
62,808.16785,174.4608,820.7565,216.54128,0.40510917
62,849.1682,170.51102,867.96375,226.38751,0.33060056
62,0.0,188.25945,11.002258,245.35234,0.2930321
62,827.2599,170.01244,865.7969,229.09691,0.2228789
62,1038.2734,216.04543,1058.2043,268.96613,0.13053215
62,862.6868,180.03737,879.97894,220.40092,0.11784359
62,1047.9503,215.33714,1066.005,242.96373,0.08300387
62,840.9099,180.9216,866.2616,238.11743,0.07915331
62,1031.5823,221.30135,1048.4016,254.42805,0.06678744
62,611.9995,175.94003,624.2152,200.55893,0.058309563
63,820.9119,169.6756,880.25604,310.72284,0.99622923
63,850.13116,172.29753,884.45953,282.1485,0.9916055
63,871.6501,165.17915,887.1823,219.25325,0.96561384
63,860.5465,167.58742,886.12573,256.26312,0.7924936
63,614.71674,178.12839,628.22076,219.14706,0.09100785
63,865.7471,167.13298,894.85254,226.1809,0.08717845
63,837.16296,166.81158,881.1598,242.41125,0.07461624
63,613.55695,177.14053,624.7631,205.04193,0.061284848
63,860.9117,165.60349,883.7564,206.5072,0.060714684
63,868.1372,160.53496,882.0614,184.2817,0.053050786
64,834.7494,170.8381,891.9121,307.0067,0.9321607
64,866.7053,171.6256,900.629,284.95636,0.9280302
64,1218.2527,307.60233,1239.6926,375.0,0.4865044
64,1216.9,298.8922,1237.2115,341.8371,0.17080912
64,1060.8671,178.14243,1092.5072,253.38797,0.12442608
64,1215.1769,253.42519,1241.858,366.81998,0.10400859
64,615.4045,178.12312,629.01984,218.82173,0.089834206
64,881.34595,172.98837,900.2894,254.21887,0.08250749
64,539.4543,184.34108,564.61383,212.7697,0.06301934
64,545.9746,179.90755,562.33203,197.62883,0.053597167
64,1218.5042,302.03214,1241.9685,326.99588,0.052531965
65,887.1528,171.25552,918.1108,288.75986,0.9821275
65,853.56104,174.25218,908.62366,296.4651,0.95431423
65,884.02515,168.18707,921.902,233.89294,0.5223615
65,1073.2915,164.97652,1117.8982,259.04605,0.44044822
65,894.9432,179.45065,917.60724,256.91266,0.33391634
65,855.74274,174.24387,926.9786,231.28165,0.28081214
65,864.7396,175.27649,907.1338,212.19382,0.08832453
65,909.1099,186.93707,922.99396,230.5195,0.08381772
65,1088.9644,174.32597,1112.2898,236.67134,0.07695539
65,869.2376,164.42456,922.4891,313.7988,0.073381476
65,541.4315,181.24092,563.7162,211.46318,0.052723642
66,878.3195,168.50235,897.1452,218.53625,0.9374977
66,901.9769,169.2049,939.56445,249.70978,0.91288245
66,878.9712,178.11377,933.9352,289.3097,0.8839377
66,880.74695,172.63664,942.97644,228.15248,0.6819714
66,972.7468,149.82602,989.0228,184.31107,0.45920506
66,882.6824,167.55167,896.75024,189.6077,0.4508783
66,913.04724,176.69926,933.6571,242.57277,0.29691705
66,971.4051,152.32703,988.25287,216.69934,0.2344774
66,875.26184,179.14087,893.0696,227.41647,0.21518324
66,876.5072,171.22115,912.36597,226.29701,0.17828529
66,1108.2502,164.76361,1133.6003,194.63293,0.1043402
66,883.7595,171.54488,923.07654,213.24132,0.093740806
66,889.6861,169.41122,930.4604,196.9566,0.08746333
66,908.6336,177.75426,932.53925,290.0346,0.07472992
66,923.2274,188.40495,939.2302,247.65526,0.07216035
66,1135.8564,164.2906,1151.136,204.46397,0.05374262
67,897.24097,172.94443,957.11145,309.39914,0.9899956
67,887.5837,171.39693,905.22943,226.07997,0.8405848
67,877.05493,175.84412,893.4479,232.08902,0.8381658
67,886.89154,171.3905,904.1474,196.84299,0.81777894
67,916.31866,170.41106,956.5843,249.14421,0.5544756
67,887.9698,181.98596,934.9628,269.26303,0.18516144
67,902.3021,169.72969,944.3639,244.41966,0.10246774
67,885.7459,178.8424,909.4621,280.16168,0.10179545
67,928.7336,174.25235,951.95233,233.17862,0.099132635
67,909.3223,170.06094,933.96515,193.06366,0.08166365
67,880.38165,190.83524,897.49176,233.88898,0.06950289
67,887.2301,173.83699,924.881,231.56761,0.05767706
68,919.9048,170.56671,977.2117,316.45627,0.9788673
68,882.7593,176.70224,903.55005,227.8454,0.97799027
68,884.2234,176.94998,903.8749,196.79971,0.63775975
68,877.9459,174.06909,893.8893,232.8227,0.5298543
68,923.43835,172.41693,979.1466,242.59677,0.31039605
68,910.6748,180.82709,953.92163,292.02722,0.28240362
68,941.5674,174.47528,970.4789,234.08582,0.06146412
69,881.8727,175.71681,902.7947,229.10509,0.99025273
69,940.59753,173.14749,992.34985,313.9964,0.9695053
69,883.6909,175.60716,902.61694,199.90904,0.84770364
69,931.3705,173.85307,974.87463,279.45392,0.7447359
69,952.3863,169.11855,989.2769,239.46782,0.446751
69,958.435,176.18796,989.4947,289.5402,0.11290897
69,959.3337,188.21103,980.7303,253.66223,0.051076367
70,879.6138,175.88795,901.0426,226.51573,0.9723113
70,961.21826,168.10835,1007.0067,309.47693,0.96986705
70,968.0976,164.15263,1003.6868,242.9741,0.8627779
70,946.6818,172.038,988.47626,290.61917,0.77414864
70,880.82794,175.79698,900.9205,200.29213,0.37665266
70,1122.0378,238.83475,1150.4607,285.51572,0.18742986
70,912.2577,184.60844,931.1184,224.266,0.1456618
70,970.77014,156.84772,991.8994,187.56036,0.12191251
70,864.7179,181.62372,881.75073,230.60489,0.10986393
70,983.1686,183.1732,1005.39905,238.94008,0.10204205
70,945.00586,170.88203,1006.97266,230.03127,0.07380963
70,967.2485,163.75934,995.3726,196.96335,0.06285194
70,572.2874,175.51863,583.2148,213.15028,0.05404399
71,961.5129,171.03934,1005.7785,293.29764,0.983132
71,979.6688,172.61182,1016.34204,298.5597,0.96615547
71,876.9005,173.69197,895.4523,201.37874,0.956642
71,874.73895,173.6172,896.2752,222.29936,0.9563749
71,985.39716,173.89258,1017.1314,247.66687,0.7742471
71,871.03406,176.75665,887.1992,226.9877,0.38271916
71,909.6716,180.68768,929.58295,231.10931,0.34115046
71,956.1493,175.3891,1021.2731,241.30093,0.21773168
71,864.4943,190.39447,881.8586,230.63681,0.18052107
71,1030.2848,177.90973,1044.8824,216.01617,0.14102402
71,959.0669,177.63397,1015.9171,214.66425,0.12285525
71,509.21802,178.12941,526.4431,202.01009,0.07099608
72,869.1894,175.36844,890.61115,227.59134,0.99665487
72,990.59015,171.80627,1028.848,284.06345,0.9859853
72,975.28204,176.0326,1021.3431,300.4578,0.9600872
72,857.68896,179.57716,873.71436,231.16017,0.7021311
72,1037.4957,187.04297,1049.701,224.39886,0.29986373
72,1003.98663,177.1386,1029.5175,224.22652,0.1618862
72,982.959,168.6664,1024.048,237.82835,0.120453626
72,1031.1481,182.53632,1048.268,220.53299,0.11895094
72,841.24927,184.88376,863.6749,232.14243,0.11060126
72,1020.7256,184.02454,1034.0032,228.0857,0.06960423
72,1001.46875,187.08733,1027.7842,247.05742,0.06760875
73,862.41876,172.38818,880.67645,232.9307,0.9880755
73,1000.75287,170.63712,1037.5361,282.88303,0.97877526
73,978.336,168.7555,1022.0815,301.74548,0.9748139
73,1219.7977,140.19043,1240.7943,160.79483,0.45262423
73,1007.05176,178.845,1032.4111,259.94348,0.39605194
73,1003.437,172.45569,1036.4707,225.0232,0.22847609
73,1014.34894,186.72809,1036.8158,274.84546,0.22361173
73,861.002,173.5546,883.27545,203.49756,0.14925708
73,559.19946,177.85782,575.1461,205.25885,0.098080084
73,894.1847,183.65901,912.4188,222.0388,0.08751394
73,539.76105,175.26097,554.68085,212.68483,0.07040511
73,849.1914,190.26729,864.1791,231.52983,0.065713614
73,1001.5479,168.00262,1033.5931,200.72778,0.055519436
73,893.22473,180.79509,909.57056,199.20335,0.054354496
74,982.56244,167.32571,1036.8988,306.9506,0.99915695
74,853.8367,173.23479,874.849,224.76823,0.99484503
74,1012.38824,171.1805,1043.5941,276.32254,0.99449795
74,1221.3348,141.72768,1242.0,161.25883,0.9805133
74,1023.34576,169.95865,1045.1273,238.19397,0.5028881
74,1001.7912,167.91353,1045.7799,223.5471,0.16536847
74,1210.4259,204.71875,1242.0,338.23608,0.117034085
74,844.7652,182.31512,861.4632,230.4183,0.058773607
75,986.4699,169.44717,1040.0364,303.57492,0.99860966
75,1015.74164,171.79662,1046.3695,278.04712,0.9941539
75,843.61304,174.13434,865.9591,232.57803,0.9815995
75,1222.5996,297.5626,1242.0,348.86588,0.7802658
75,1000.8532,168.76418,1048.168,234.92592,0.73370874
75,986.8977,178.56374,1004.43225,212.85307,0.5868701
75,996.2862,172.50781,1057.1772,274.40283,0.5364606
75,1022.9754,173.82292,1047.1636,225.32503,0.46628746
75,844.8819,173.0401,865.9086,199.2286,0.36556482
75,1216.4078,231.21223,1242.0,345.82367,0.3562933
75,1223.0962,330.97565,1242.0,351.61603,0.21345781
75,1031.8597,184.72107,1046.482,230.52927,0.1950903
75,1022.2451,195.12254,1043.2888,257.47308,0.12351597
75,830.71497,174.18222,843.3811,212.33469,0.1181226
75,994.173,175.05383,1043.3544,212.93655,0.099940635
76,990.1185,172.73624,1040.7207,296.6571,0.99916863
76,1015.1235,172.45819,1047.29,281.15417,0.9902215
76,832.7214,177.04932,854.68585,235.83499,0.95336336
76,1020.2214,173.77301,1049.1357,229.89459,0.68020153
76,492.2358,174.34802,505.51822,218.76978,0.6675301
76,512.0905,177.08939,529.2767,214.49203,0.6135781
76,994.86707,178.11986,1050.7516,243.70299,0.26479185
76,1026.1124,194.43909,1045.2521,248.1431,0.07474962
76,489.99356,174.10435,507.2148,199.1074,0.07432688
76,832.58545,176.73102,853.52234,200.33676,0.073813766
76,988.2602,181.49074,1008.6396,217.5229,0.07090974
76,513.69226,184.0642,532.879,234.75356,0.07039556
76,980.3167,186.20529,993.5798,219.30869,0.052450106
77,990.7932,173.8129,1047.8158,298.11026,0.998896
77,820.82733,178.86588,841.8293,235.47806,0.96480435
77,792.0697,187.08824,813.7594,239.46013,0.65572697
77,821.6195,178.6596,841.25354,203.44568,0.61166805
77,1025.8367,176.72705,1050.4326,223.36136,0.5291236
77,966.29486,189.45256,977.99396,225.31984,0.2846586
77,979.8974,184.42918,994.2065,221.45848,0.23754276
77,472.2191,176.2133,485.12936,218.0129,0.2271575
77,1034.2146,183.64993,1049.3408,232.05484,0.17538187
77,999.1021,174.06691,1051.7336,227.26479,0.09456464
77,994.7289,178.90744,1039.021,210.41034,0.08318083
77,1021.4126,177.19896,1047.5012,280.17197,0.05957266
78,991.0727,174.86574,1046.9377,306.2079,0.99920624
78,806.18896,176.36412,828.6831,231.98592,0.99303365
78,1026.289,177.19649,1048.0858,230.71391,0.35632914
78,1106.5282,189.39194,1146.4708,286.0686,0.2709297
78,1027.3956,174.96405,1044.3771,198.16965,0.114330284
78,797.92426,192.54178,811.88715,238.00922,0.099115506
78,28.889603,220.84102,62.800697,270.6868,0.07874593
78,805.5865,177.10866,827.39764,205.23814,0.0586287
78,965.56085,188.25401,981.80646,227.46306,0.05300694
79,990.35205,174.41254,1043.278,306.2099,0.99957854
79,793.2104,179.21,816.1927,233.91374,0.9784151
79,1025.6495,181.07317,1044.4225,222.81358,0.7027881
79,1012.1889,176.5538,1044.5659,245.47186,0.34923935
79,1022.24115,186.82797,1041.7031,276.75952,0.29775748
79,565.208,191.78758,578.51904,237.05089,0.26255006
79,0.28053284,217.44739,21.098963,263.35376,0.23752896
79,992.51447,176.92244,1046.3628,215.30418,0.18504007
79,255.0648,187.93138,274.1478,234.64565,0.13884763
79,1.184618,216.12033,29.587618,279.50784,0.13048416
79,1003.54895,176.25967,1038.3,199.08432,0.11236215
79,1022.79895,179.61151,1041.2013,202.58017,0.11195206
79,432.9098,177.53966,447.5498,218.13054,0.111027814
79,788.02655,183.00668,808.8615,238.35141,0.07772741
79,992.4078,185.63681,1007.07513,268.82217,0.052105412
80,986.39294,174.73578,1039.5563,307.036,0.9985983
80,778.8097,177.86104,801.94995,248.16017,0.9858088
80,999.7716,180.44556,1041.2526,263.45395,0.39791468
80,1012.72424,177.3957,1040.2174,237.96819,0.3566075
80,985.0625,178.17297,1025.031,269.11212,0.3233018
80,1022.2552,182.35968,1039.9689,221.05902,0.31835195
80,986.92944,201.51093,1004.64526,276.6594,0.12684213
80,998.66974,180.20981,1040.3639,218.20831,0.08806797
80,1021.6646,188.89606,1040.5157,247.3292,0.058042772
81,978.5424,178.37747,1034.0731,297.64514,0.9977308
81,764.2975,179.97983,786.3696,247.81265,0.9966568
81,1003.33105,182.36287,1035.5414,288.98352,0.17745465
81,1007.6485,181.01468,1031.407,224.28055,0.09933549
81,1010.41364,193.07385,1028.9421,282.4065,0.051944897
82,975.7873,180.55182,1026.0771,293.86377,0.9983197
82,748.7749,181.27888,771.3468,250.26292,0.9931933
82,1002.81604,185.72385,1026.0624,282.61017,0.9023425
82,975.3998,181.20665,1029.4905,236.12868,0.6614394
82,1008.019,182.41049,1028.0344,224.2626,0.5329602
82,971.29224,188.58945,989.82764,227.26031,0.30754673
82,748.86395,182.01103,769.6785,200.33574,0.1518866
82,976.995,188.53235,991.7771,262.16998,0.087198816
82,997.3536,185.68166,1033.6443,246.85786,0.07187084
82,976.5707,184.10025,996.9901,219.633,0.06636926
83,969.6633,179.48164,1021.2118,298.9189,0.9988487
83,730.4158,179.7773,755.7145,251.66426,0.996768
83,993.3841,182.08801,1020.7299,279.61246,0.7429531
83,725.2008,180.30386,744.97876,248.99173,0.16892873
83,1003.36475,191.92206,1021.954,267.74384,0.109786525
83,731.69403,180.53587,752.79425,198.61769,0.072645545
83,990.77075,181.73724,1018.82263,223.43399,0.06095197
84,957.2227,176.83336,1009.8381,302.8268,0.9991966
84,714.93774,181.3009,739.3451,251.30847,0.98747325
84,980.66797,182.78369,1012.51733,272.4043,0.97396404
84,991.3816,179.48172,1010.90076,222.65192,0.6641511
84,993.0299,177.78703,1008.6365,200.74141,0.45530137
84,965.985,182.03325,1014.3197,240.20476,0.36449367
84,715.0611,179.98294,736.9068,200.23837,0.19234782
84,964.2497,184.65393,1011.22284,215.67993,0.1860151
84,994.0974,176.09518,1018.06116,235.66312,0.08024132
84,344.90643,201.75992,386.4303,262.1448,0.059965808
84,354.87875,207.79439,379.63083,256.46576,0.053779546
85,950.5951,176.94,995.95886,297.6876,0.9987575
85,696.5995,179.2232,722.86255,254.02869,0.99516606
85,976.1346,183.25201,1001.4334,270.6362,0.9577203
85,974.59985,179.58156,1002.14685,230.35844,0.6706592
85,954.0318,177.85709,972.2316,219.5936,0.13180499
85,290.18332,217.4831,307.66037,278.58817,0.09460624
85,955.1477,184.70636,978.255,251.85733,0.09212021
85,696.70807,179.93472,719.1215,199.84433,0.08040131
85,337.62915,216.72858,354.06946,264.48154,0.055111244
85,322.87442,206.25153,354.97812,264.57797,0.051947627
85,1083.3114,181.83655,1102.8588,239.30957,0.05173909
86,943.92346,179.78418,992.76685,281.55658,0.9984282
86,679.59,180.95638,705.0634,255.21867,0.99817014
86,938.9555,182.96964,952.9073,221.40335,0.9483091
86,971.5983,184.07733,994.14777,260.3277,0.7404432
86,628.1695,163.99118,655.3001,242.04575,0.34322396
86,941.5158,185.08179,958.1663,229.4678,0.2546021
86,944.02905,193.33449,957.80896,280.26025,0.24462566
86,974.64606,181.13232,993.7481,230.16644,0.2192782
86,936.2891,193.48557,949.84735,223.66116,0.21434624
86,955.2486,180.7928,994.7762,236.44194,0.19774579
86,804.7027,190.9211,815.07135,216.83553,0.08942032
86,656.2192,172.94734,673.108,237.37617,0.076792955
86,674.28534,179.14024,696.087,250.45125,0.061880082
87,935.6667,180.1499,982.55756,294.64603,0.99817693
87,661.44403,180.45364,686.3919,257.04663,0.99510765
87,959.38074,183.53148,982.44507,276.5834,0.55099803
87,947.6319,180.03705,983.2492,247.35913,0.4655996
87,785.13635,192.50504,797.75916,222.4443,0.3788249
87,956.67834,179.9138,983.8231,221.99538,0.37238476
87,939.4158,186.46252,961.7572,252.33328,0.31998897
87,973.4512,184.5849,984.68677,223.77393,0.09424435
88,643.6683,178.99606,668.7541,256.12473,0.98857343
88,928.91785,181.7198,971.25415,288.36005,0.98549277
88,928.2396,190.07097,944.77356,267.58722,0.5790316
88,955.1752,187.10376,973.9275,280.87637,0.27325478
88,938.7626,188.0586,963.8064,261.10822,0.24653538
88,945.6109,180.89174,976.73834,231.54955,0.09813233
88,957.072,187.53558,974.6234,222.62518,0.08460355
89,920.5904,179.40964,965.2137,293.55716,0.9971041
89,624.8605,178.98132,651.41785,252.39911,0.64979017
89,918.19073,183.25131,940.43964,262.09027,0.43345526
89,627.7023,179.07452,650.485,200.08505,0.23102173
89,930.0873,181.53201,966.86926,215.27869,0.20132741
90,912.8045,179.82228,957.9534,283.6445,0.9850366
90,607.24506,178.8461,633.31696,260.7624,0.9498512
90,734.8755,191.18076,745.8699,217.30206,0.36774385
90,609.5482,179.4261,632.15906,199.46407,0.20330085
90,911.6798,187.78746,928.7742,263.10776,0.05379306
90,595.5773,174.89232,626.0209,250.0388,0.051969867
90,607.61115,181.4593,633.88995,219.7018,0.050523065
91,904.02856,180.85707,949.30615,280.6963,0.9959741
91,588.2812,182.31427,615.6508,265.87988,0.9849908
91,714.02734,191.80678,731.3308,215.95479,0.37927023
91,587.17365,179.28835,609.2762,209.26088,0.31747606
91,925.95764,183.03941,950.7406,221.29033,0.31348175
91,927.1302,183.31229,947.424,266.57492,0.2886734
91,908.38635,185.93478,929.5261,269.1545,0.17379044
92,568.1983,180.45692,597.07904,268.37012,0.9988073
92,896.71344,180.68039,940.8941,280.15207,0.9934989
92,923.23267,188.97586,940.5165,256.7554,0.2027607
92,33.768036,235.66656,73.1181,301.8459,0.15977186
92,53.46494,257.75156,72.75908,302.6268,0.14515175
92,567.09784,180.06824,589.352,208.62622,0.123902224
92,911.4086,179.30008,942.87933,257.54727,0.0924641
92,940.22797,187.74782,964.0988,215.98628,0.06409623
92,905.4166,181.75507,938.8876,226.94717,0.056267917
92,924.73456,188.74762,943.6961,228.18686,0.050551016
93,546.0561,180.70288,576.8284,272.3652,0.99821305
93,886.5953,185.39243,932.5162,287.05502,0.9950955
93,912.2505,187.20743,934.10864,258.00946,0.8922498
93,0.0,254.91441,13.057001,307.8386,0.74234045
93,884.4874,184.29828,902.1079,223.49799,0.7015896
93,0.0,277.60425,18.276924,308.67798,0.30498305
93,888.30927,185.77933,934.5147,218.60562,0.25585175
93,928.2388,187.35547,944.2964,217.35965,0.2228446
93,888.8195,182.091,910.7104,219.42252,0.21952955
93,914.85516,182.75632,939.9246,236.42963,0.21520294
93,910.9598,184.32123,936.248,216.83615,0.1745414
93,891.7278,186.27513,914.208,251.8289,0.10138112
93,141.90228,183.58328,156.9819,217.2156,0.07584679
93,0.008229256,215.72739,16.027142,297.53348,0.061583754
94,880.21204,179.6459,927.8933,282.57022,0.99338645
94,526.4375,180.0848,556.411,271.61606,0.986186
94,908.49255,182.11101,927.5062,245.77437,0.34373224
94,174.99068,178.51352,193.75258,211.32883,0.26202452
94,526.32196,179.01242,556.0977,223.75925,0.23595393
94,885.1129,179.65353,922.31274,219.95975,0.13688625
94,867.16516,185.13388,891.5963,221.77182,0.05562796
95,502.12766,177.85065,534.64606,277.59814,0.9995448
95,873.96173,183.91344,921.6563,275.71368,0.99830985
95,150.48238,177.44626,172.42888,215.87811,0.21784201
95,646.66754,190.25136,658.3481,216.42384,0.18584636
95,244.04561,188.90222,255.93095,215.871,0.07624887
95,889.7971,189.7959,919.7593,244.24838,0.07237353
96,477.344,177.3224,511.3548,282.9981,0.9990669
96,868.99994,188.15985,914.77203,273.49414,0.9866766
96,893.3976,187.93997,913.16516,256.3111,0.12670411
96,121.65359,174.9368,145.45363,209.48392,0.09743313
96,629.7956,190.0052,641.668,216.78004,0.07725213
97,450.61926,178.16724,487.6344,286.48508,0.99845624
97,863.02893,187.42697,906.7217,279.34427,0.93642753
97,93.2486,176.86798,111.86932,214.91034,0.5873713
97,894.1316,191.80109,905.8469,235.21048,0.16841033
97,873.27216,186.89896,907.1436,220.4596,0.13426775
97,992.3883,202.06036,1012.2605,281.6262,0.108630545
97,89.873474,183.22444,105.53529,213.31847,0.080142274
97,866.5961,186.15659,879.1009,210.70654,0.059173252
98,424.26697,177.09619,461.55927,289.74985,0.998064
98,861.01056,186.04541,900.71344,276.64697,0.99203146
98,61.412468,175.63235,90.2485,215.62973,0.94377095
98,979.9157,188.85432,1001.2182,277.62833,0.3627297
98,861.5486,188.62743,887.7633,241.67937,0.24190852
98,880.00415,184.54466,900.97327,222.27684,0.14319427
98,861.4283,191.18854,879.8221,269.02148,0.12001805
98,865.40283,186.66933,883.2418,219.54665,0.11396973
98,77.99294,174.36646,93.62461,212.28561,0.08388872
98,982.0932,228.75224,999.2067,279.94632,0.066173755
98,431.84235,188.20132,468.62183,323.92697,0.055763442
98,871.2077,195.267,899.1778,233.3494,0.053154893
99,392.42896,175.2309,432.02606,293.02393,0.9986523
99,854.6771,186.14313,896.4447,276.77277,0.9770521
99,570.9247,188.63594,586.2074,218.3485,0.61568093
99,969.6349,203.70139,989.23413,283.4587,0.0666835
99,880.16876,183.89206,896.4661,224.52188,0.06270989
99,857.0812,189.47742,891.67676,242.64865,0.062341385
100,356.02902,171.67972,398.96335,301.73822,0.99773824
100,846.9717,183.79115,889.3707,273.01984,0.9907549
100,579.40765,186.50731,592.6668,218.08852,0.6958784
100,551.1428,186.57127,563.51733,217.99504,0.59988815
100,358.1312,354.92923,433.00375,374.51224,0.19630173
100,850.87555,187.2138,875.5079,237.88876,0.15427318
100,874.24786,185.95404,889.4649,230.2605,0.14744052
100,852.71704,183.98041,887.48706,221.21686,0.12357367
100,368.74048,168.14804,387.16394,192.50998,0.08738615
100,858.3019,191.21507,880.1488,277.15942,0.06618759
100,360.13788,187.19888,413.36877,361.29984,0.055812526
101,315.73444,169.5614,365.99408,260.03775,0.9924935
101,839.8496,182.32625,884.20337,268.54425,0.8843114
101,534.3516,186.71173,545.4533,218.048,0.8051151
101,318.74045,167.98267,372.02426,327.28732,0.2200017
101,956.24255,197.14319,973.8806,284.99588,0.17647755
101,555.48566,184.85153,575.0623,219.04224,0.17164198
101,862.35693,178.67838,890.7693,231.49539,0.09395122
101,856.6977,184.40343,883.5296,242.99901,0.08940075
101,325.80222,165.60123,353.83524,195.71661,0.060164135
102,272.87973,166.05832,327.87924,262.92532,0.99475706
102,838.75385,182.83978,880.57587,272.89337,0.89170074
102,512.40015,186.21764,525.80383,216.14824,0.43396038
102,267.508,177.35931,328.0036,355.69238,0.32225227
102,858.2817,184.32112,880.93756,238.27858,0.32117584
102,536.21027,184.64345,555.29877,219.49678,0.21938019
102,846.8386,179.10324,882.6161,220.32468,0.18078451
103,218.12865,169.26804,286.99606,321.5623,0.9951408
103,832.33685,182.0247,878.6905,271.8836,0.86308956
103,837.5556,177.74554,866.7603,222.10422,0.4807891
103,490.34442,187.17819,509.45197,218.20584,0.3656475
103,854.62506,178.22913,875.2452,222.33426,0.088385925
103,841.50256,176.3023,880.2622,235.54703,0.054902833
104,163.35115,163.72751,234.68349,344.24854,0.9978782
104,497.68893,184.41664,517.4547,219.6754,0.9878034
104,830.00446,180.86674,871.6275,273.29993,0.9529439
104,469.5657,187.0224,486.36642,219.07007,0.92062914
104,484.05496,187.11887,498.31186,219.57697,0.383877
104,860.46747,183.66168,873.81366,226.65479,0.30168813
104,837.65765,178.64334,868.55316,234.78381,0.22930722
104,468.09766,186.5415,482.14215,208.93756,0.09736695
104,473.79547,187.53485,494.037,217.31396,0.07337777
104,827.4757,184.00974,857.5199,227.98941,0.06631405
105,94.408005,162.48578,172.31117,347.92413,0.98795414
105,828.1484,182.09694,869.73175,269.11432,0.98495317
105,474.43982,184.1587,498.19348,221.90877,0.95999265
105,448.38834,184.10855,462.87387,220.09378,0.88788474
105,841.2175,182.15337,867.8839,224.81523,0.17458639
105,114.47496,161.3049,150.59416,193.93741,0.054301932
106,3.5544815,162.13454,104.35763,373.92273,0.9983187
106,828.1375,181.6778,864.44073,269.75397,0.9970337
106,424.76422,185.71147,442.61035,220.56029,0.64368093
106,455.33218,183.7054,472.4349,219.41563,0.37604004
106,29.943184,160.11177,73.033936,195.36201,0.11215828
106,821.76666,185.7525,833.27606,216.6452,0.10682991
106,826.25586,182.8931,857.05176,215.03696,0.089766175
106,497.73083,188.13914,513.7197,220.12813,0.057565283
106,842.14716,183.61386,865.74506,223.1912,0.055136487
106,501.5554,189.04497,516.8808,232.86937,0.05213456
107,402.22284,184.6962,417.55475,222.79803,0.8966684
107,435.86423,183.7543,452.13986,225.63937,0.87646675
107,823.84973,183.46487,860.3158,277.20825,0.8518185
107,822.8553,183.28996,856.87506,217.52202,0.13548799
107,964.80084,215.40906,978.32025,244.30054,0.09610908
108,411.1232,182.76682,429.2333,220.78284,0.97188574
108,378.84653,184.38141,395.11728,223.5279,0.6145361
108,821.3489,187.00009,856.0923,272.96555,0.39775214
108,821.28235,186.63873,854.79895,225.56448,0.106947474
108,452.97162,184.87378,468.52704,226.61224,0.10173332
108,634.41254,176.33058,646.7563,197.66585,0.072777994
108,844.87177,187.61217,860.0262,210.31224,0.07089853
109,387.86526,185.54062,408.04477,222.54868,0.96496725
109,354.92212,186.16214,372.64618,223.39792,0.790397
109,819.43317,186.26617,855.71857,266.59735,0.75506735
109,618.8109,174.72327,629.8705,197.64124,0.45804185
109,819.0784,189.80927,857.94867,226.46164,0.23610592
109,817.69977,185.20038,840.23785,248.02051,0.20750321
109,810.23,186.3354,845.9075,221.84914,0.16594839
110,364.51602,184.13148,383.02017,223.34975,0.96510184
110,814.0452,184.50113,849.2935,267.0108,0.70292073
110,602.2975,175.12117,615.5659,198.34142,0.3107059
110,327.7961,186.56526,349.3074,223.13133,0.19182704
110,0.0,301.15997,17.162716,366.25232,0.08601536
111,808.58545,183.00366,844.10156,273.73077,0.97362465
111,301.18842,181.20407,320.427,223.54797,0.9299136
111,338.56918,182.40182,359.37057,223.57095,0.84156173
111,586.3152,170.88867,598.7058,196.07922,0.5507151
111,807.01337,185.36848,850.3427,222.19344,0.19717008
111,826.79816,193.28508,842.20746,253.47691,0.12758388
112,311.59836,180.20737,331.8398,226.61316,0.98272645
112,800.0491,181.93497,836.281,271.22046,0.9323072
112,272.00494,178.54514,294.86523,224.8422,0.93225694
112,570.5192,172.64864,583.8581,194.95537,0.3408343
112,799.42456,187.2891,839.52405,228.38351,0.19274235
112,811.00946,184.9354,836.5336,244.01706,0.062011015
113,792.1787,183.32028,830.38306,261.7341,0.99602133
113,243.54199,179.31053,265.44278,223.61052,0.96963924
113,284.0277,181.09395,305.21777,225.15382,0.5721025
113,554.04193,171.17053,567.898,194.7085,0.2928067
113,1122.1414,214.35176,1138.8635,269.3382,0.09090029
113,1122.0632,226.23697,1142.1362,363.18472,0.09067848
113,281.02744,181.49898,300.7549,203.2994,0.08718547
113,809.49994,183.71071,831.5971,248.2275,0.078391254
113,245.01112,178.41577,272.07,203.3088,0.05329438
114,790.02295,183.17007,822.2362,259.86005,0.98961174
114,1163.1862,215.26389,1228.8221,371.26053,0.9866377
114,212.61649,178.25029,236.00302,227.05614,0.949476
114,256.885,179.8625,283.02527,228.53825,0.9489878
114,777.23566,185.65852,823.904,232.91817,0.5591301
114,1160.1212,216.8631,1209.8558,301.15765,0.48198408
114,1207.7733,113.096085,1242.0,358.78577,0.43904498
114,538.2027,168.25136,552.2426,194.36684,0.25291017
114,1159.038,150.2248,1242.0,330.14484,0.20758303
114,789.18,187.69748,804.95575,253.8901,0.1594533
114,1193.353,136.2588,1234.2837,339.8792,0.14367457
114,1168.0099,183.79272,1219.7257,323.5965,0.11313091
114,811.32904,196.0477,826.4965,250.59396,0.08127556
114,214.45251,178.33083,242.35559,202.68623,0.050745767
115,227.58754,180.74323,252.44862,230.80045,0.9477739
115,782.55975,184.59427,817.1768,266.31644,0.91948634
115,180.03468,178.3905,207.3657,228.76117,0.8715531
115,1012.23254,354.76898,1027.7766,375.0,0.19889368
115,1227.7798,253.197,1242.0,366.43832,0.16459894
115,762.3394,185.40268,819.9588,232.32352,0.13980758
115,1216.1506,251.03175,1242.0,337.2901,0.07948166
115,1018.1644,354.87003,1036.0094,375.0,0.07229934
115,94.61021,164.91525,112.38421,186.11816,0.054977924
116,147.70789,181.14886,174.96039,235.25455,0.97849095
116,512.94135,169.30945,526.75104,187.40808,0.38686198
116,147.04124,178.84637,171.75896,209.66995,0.2668188
116,759.04456,185.38916,809.3091,231.64673,0.22250913
116,771.48364,185.3339,810.0432,267.5955,0.22220418
116,195.99667,182.82498,217.13431,234.27927,0.19119848
116,573.2399,171.86363,581.9379,190.74721,0.14082481
117,109.216644,181.36118,138.65062,236.27322,0.9969896
117,162.4047,183.20692,188.66217,236.75987,0.66911656
117,761.69666,184.67947,798.3707,248.70126,0.5280119
117,558.662,172.3404,567.28784,191.38394,0.14771847
118,68.10141,183.01384,96.439026,236.48454,0.9676573
118,753.73615,190.1737,784.8416,271.71854,0.8942596
118,125.08344,183.48643,153.71289,242.11525,0.2824624
118,731.13855,187.18979,797.3749,239.50531,0.123157635
118,753.30396,185.5913,777.0344,234.1038,0.1128786
118,543.4546,172.2142,554.50146,192.10318,0.051567674
119,22.927975,180.14102,57.090824,243.36212,0.960569
119,83.00781,183.56607,112.8584,247.90454,0.8469624
119,740.37115,186.3156,774.0296,271.66205,0.79451257
119,737.314,184.94946,756.9086,253.74576,0.312271
119,728.2575,190.19273,778.7619,238.83867,0.26396894
120,726.38074,184.27367,760.25586,272.28387,0.9729177
120,39.132774,186.98175,73.61843,249.26926,0.8715526
120,707.1319,187.98257,775.06305,239.51526,0.17713277
120,501.28763,175.4751,512.6046,196.94296,0.10154807
120,444.88052,169.06812,461.49466,189.04684,0.08833187
121,712.22723,185.89946,746.6164,272.19708,0.9654821
121,0.79827976,177.46382,23.858025,333.65997,0.6370859
121,0.24547958,196.85359,18.52493,287.99966,0.4368523
121,0.2197895,279.21265,16.332943,339.8318,0.1640132
121,505.46786,170.32184,515.0402,193.34622,0.12100835
121,0.0,187.93129,30.28365,275.64288,0.113042556
121,435.9096,168.64522,456.18195,183.98625,0.061604448
121,500.52597,173.27989,511.4138,191.81776,0.056045745
122,694.6641,185.9568,732.12213,268.79053,0.9680769
122,489.70047,171.20502,498.66025,192.59915,0.46988007
122,687.2635,187.14212,705.65045,242.99844,0.079597086
122,486.1441,173.59085,495.78638,192.78601,0.056394745
123,674.1684,184.53612,726.4102,279.37634,0.91059035
123,473.09625,171.86174,483.5119,192.8731,0.41948095
123,672.9651,188.99274,752.0137,243.47443,0.056845464
124,657.3858,184.87372,697.55914,268.992,0.9838779
124,459.39746,171.3669,469.1466,192.00215,0.5230944
124,657.9636,185.18872,674.9397,259.77432,0.22768746
124,659.01105,183.9968,690.51715,223.76163,0.065858625
125,637.8136,184.33115,677.76855,258.2956,0.6862869
125,443.622,172.33018,453.9803,191.67567,0.33955497
126,613.41724,184.12311,655.084,250.66946,0.80460304
126,431.3571,171.39793,439.58908,194.27846,0.40860236
126,666.8929,171.87355,685.88837,190.64061,0.15808994
126,653.74585,180.2989,686.99817,194.32085,0.13394098
126,636.9569,182.75792,650.3755,211.2495,0.073647685
126,623.7133,179.58333,646.12115,195.85518,0.05292195
127,599.9262,182.79305,633.4714,262.1808,0.9268389
127,621.53986,178.8697,632.84796,208.98885,0.8121313
127,614.9615,178.33647,632.5909,200.2777,0.4728679
127,640.2331,179.98961,676.34454,195.89958,0.12121129
127,636.48004,179.9494,658.1525,198.70682,0.09355206
127,645.7252,174.6948,675.48535,191.37363,0.07509779
127,579.75885,180.73192,635.1109,228.24376,0.06933642
127,625.7565,177.279,637.541,203.25945,0.057558514
127,415.6441,171.39394,425.24042,195.49721,0.052035697
128,584.69507,184.37463,619.1373,267.6104,0.9562592
128,583.1141,181.29793,613.8024,231.81615,0.1976214
128,569.1429,182.82979,622.1243,242.14232,0.18133762
128,404.1711,173.78836,411.90292,195.04773,0.1253532
128,620.0937,180.38762,632.8908,206.50783,0.059346773
128,579.2119,187.97531,595.6904,240.92905,0.050406795
129,566.6655,183.8396,602.8917,266.9506,0.93076015
129,398.55386,173.63144,408.01883,198.11765,0.41354933
129,565.9645,181.87163,598.2532,232.60796,0.16773698
129,629.1732,176.61017,649.5294,198.24878,0.065214925
130,645.417,173.55548,663.3739,190.40634,0.43297204
130,549.6288,184.8792,598.10486,240.22783,0.20359959
130,612.7568,175.34575,624.97906,206.28938,0.056089424
131,540.2041,185.22733,580.31555,275.70395,0.861944
131,609.13666,183.2762,619.8123,208.40126,0.09839032
131,539.4867,184.33441,566.10864,229.0214,0.05273273
131,522.81445,187.02673,587.9143,233.4516,0.05228182
132,531.8921,187.0852,565.819,275.34262,0.97125137
132,610.5293,182.53513,621.1177,211.2409,0.49150762
132,528.8902,189.88254,564.88153,231.15341,0.15342133
132,612.4528,177.40123,625.6568,208.56172,0.14217204
132,526.48694,185.32663,547.6803,232.39368,0.10366147
132,550.44507,220.80762,565.761,277.64865,0.07466285
133,522.92816,188.83649,557.1833,271.0462,0.9183042
133,655.6834,172.80936,672.30304,192.32495,0.768818
133,519.987,186.08281,546.8942,229.39238,0.14881516
133,160.0864,198.844,171.28265,227.55295,0.13576125
133,513.251,189.36545,560.87866,239.21744,0.13203186
134,661.4661,172.8252,681.41766,191.22192,0.9719274
134,517.8408,189.57422,553.3268,268.54468,0.6782212
134,386.16925,180.56584,397.13983,203.31657,0.21988018
134,514.8765,185.81615,544.76324,230.08455,0.11095898
134,510.62268,189.25644,528.1102,231.93713,0.0998989
134,630.7303,175.44304,646.1696,200.64156,0.07267064
134,516.16187,188.66893,531.17053,248.42363,0.054997463
135,672.5174,173.04886,689.967,189.38138,0.98936206
135,515.5226,183.8414,548.8375,264.77628,0.9668505
135,624.04126,178.4185,636.19836,206.0399,0.6476773
135,641.32935,170.72241,657.9153,192.99991,0.6369355
135,515.632,175.60902,533.1302,270.18347,0.5419667
135,145.56938,194.6125,157.8698,225.1331,0.4229605
135,386.28772,178.99777,397.2035,201.90472,0.3862211
135,626.9143,172.27814,640.1991,206.28076,0.3706804
135,636.93,175.57344,653.63055,201.1096,0.35084054
135,506.5182,183.8072,528.1848,222.83867,0.25068405
136,683.0519,168.41586,700.4546,185.49011,0.99027175
136,510.69855,180.0861,546.3659,264.9007,0.9468507
136,636.3395,180.77916,649.2732,207.08794,0.31091046
136,393.3111,176.6476,406.23322,198.96718,0.1666409
136,513.88257,178.5382,555.9702,225.84572,0.12257714
136,140.94034,199.80928,154.56924,222.87727,0.093291804
136,507.20688,179.50227,539.28595,220.20647,0.083178945
136,314.4312,198.42026,335.9021,241.23871,0.051592108
137,695.9332,167.26003,713.8563,183.72545,0.99577904
137,514.325,177.82309,548.2863,262.06543,0.92604846
137,513.53125,180.15611,531.2916,262.54352,0.25962788
137,401.76074,177.752,412.83942,198.7676,0.16446254
137,137.99655,198.0128,152.84183,220.88649,0.06836776
137,640.14545,183.73462,651.6253,212.89471,0.052957516
137,134.15875,196.52821,148.02664,223.89955,0.050372355
138,710.9445,165.82195,730.57635,183.37553,0.9942953
138,515.77277,177.19284,552.38043,258.2326,0.8368447
138,411.7486,173.36041,423.27856,197.8486,0.67275333
138,213.79182,184.16203,229.09654,199.90746,0.2522346
138,515.692,175.59518,547.9044,214.64124,0.10771145
138,515.1389,175.5756,533.245,251.25322,0.08971135
138,513.03186,176.99072,527.4961,215.02869,0.072598554
139,727.41724,164.41835,749.4374,185.15474,0.99723405
139,130.94728,191.81291,151.17589,214.62889,0.63371307
139,421.82718,173.67245,431.54776,198.17047,0.37598577
139,518.8789,177.83281,555.73425,257.26944,0.35690364
139,215.4119,179.97992,231.24301,199.08871,0.10451158
139,539.8942,185.25706,557.61115,231.51115,0.075514816
139,519.09534,176.24678,548.3994,212.49202,0.07240643
140,746.0542,164.7497,766.8563,186.01749,0.9998109
140,522.4857,179.27942,559.7466,255.47403,0.8089204
140,432.43887,174.4099,441.69852,198.89415,0.39920756
140,539.70264,182.60533,558.68335,242.91359,0.109284684
140,521.36536,178.31982,548.8323,209.7326,0.08871982
141,765.12384,166.23839,788.6684,189.0685,0.9990596
141,527.01624,179.10617,560.18774,256.03217,0.7186689
141,440.6913,175.29141,452.08377,200.78769,0.4400279
141,527.925,177.7916,551.6274,228.4054,0.36677018
141,558.93286,186.92178,574.698,226.58737,0.11093528
141,534.042,176.7963,566.19934,219.50513,0.10218187
142,787.21735,165.49722,812.497,190.90146,0.99982834
142,532.4166,182.71777,563.7206,252.65079,0.87098247
142,528.6398,181.01572,539.98315,217.80496,0.8113903
142,451.50143,176.22197,461.05893,202.41371,0.41560823
142,531.08765,179.08453,550.40186,213.35544,0.34680334
142,530.75104,180.41634,548.2297,249.05992,0.25697675
142,528.868,178.3746,563.63336,221.10162,0.1657031
143,808.71625,164.89607,837.582,193.94041,0.9996979
143,536.8445,180.92393,568.4835,262.12195,0.7204171
143,458.18445,179.19177,470.30432,203.94821,0.6343331
143,534.36115,179.35477,545.73334,217.10077,0.10707657
143,556.4319,181.43712,573.01636,231.6219,0.060531642
144,835.30334,163.55553,862.0608,198.00926,0.9994554
144,542.161,178.74069,575.18677,257.63354,0.97802025
144,467.06635,174.60109,477.69495,203.0601,0.3452654
144,562.04834,181.07336,579.17114,214.97543,0.10827448
145,860.59686,162.31978,895.54156,201.1458,0.99959236
145,547.328,179.02927,579.6033,256.5726,0.98896337
145,472.7201,176.022,484.1272,201.55313,0.6649656
145,551.92035,179.18341,580.4832,214.42874,0.1816586
145,541.3157,175.40869,560.1904,204.87927,0.13737643
145,185.6586,190.18161,210.15936,208.03104,0.10305228
145,111.825,184.50215,126.917725,206.53578,0.05158416
146,888.54785,161.15463,928.45996,209.43323,0.99441165
146,551.6282,179.14035,584.4663,250.22684,0.9345159
146,482.10822,174.00551,492.53827,202.31029,0.8074422
146,332.02246,173.06529,349.4873,191.78426,0.76941514
146,571.05524,174.49591,587.3349,236.98785,0.4448243
146,552.7133,177.1426,577.9261,206.53444,0.10681308
146,955.96533,350.37527,1020.2865,374.03,0.087475896
146,347.51596,172.75798,363.1528,191.56166,0.08641326
146,0.0,203.05023,26.017982,233.59952,0.073583044
147,920.23914,160.86218,959.5764,221.84628,0.9966935
147,556.65295,174.33128,591.2291,247.3843,0.91117334
147,489.53238,171.4881,500.0878,201.34952,0.8610748
147,335.37808,170.71739,350.882,189.11348,0.40026823
147,575.1769,176.08456,593.808,220.24197,0.11335429
147,326.91254,169.5074,343.93585,189.05586,0.06966946
148,953.59076,156.72086,1007.9428,253.23453,0.9995511
148,496.75128,169.97282,506.26514,199.48091,0.901522
148,561.20636,173.272,597.6711,252.95547,0.45279878
148,67.06806,176.1987,93.51682,205.62766,0.33796248
149,992.1617,157.1459,1047.9376,276.7909,0.9996214
149,500.9063,171.50372,511.47656,200.07413,0.8954896
149,567.0256,172.24985,599.8582,246.92334,0.77379316
149,333.79095,170.04343,355.3299,188.27353,0.30172968
149,566.6394,171.57047,581.0519,225.76459,0.2034723
149,61.408512,178.47722,82.3748,208.50768,0.12611467
149,505.2292,170.94043,516.4793,196.23325,0.05184792
150,1037.1637,154.6791,1091.1774,290.18774,0.99830973
150,571.7291,174.20036,605.69055,246.29451,0.96331084
150,506.14886,170.29204,518.4964,202.92574,0.95115155
150,378.7296,165.86462,393.7688,184.63077,0.13395417
150,570.26605,173.88092,596.94794,212.13312,0.07421572
151,1090.1467,157.38202,1162.446,305.6263,0.99980265
151,511.27536,174.10544,521.72437,205.375,0.9744179
151,576.44434,174.63327,609.91565,256.77753,0.96167344
151,375.06738,170.20508,394.54718,186.68353,0.7980085
151,577.045,176.8056,593.5074,258.14178,0.11575956
151,336.1538,176.61273,352.26465,193.98178,0.07048687
152,1152.1368,160.62747,1242.0,327.62674,0.9993017
152,581.40186,179.53423,614.16895,263.589,0.993299
152,514.9848,176.7575,525.8376,208.625,0.9700408
152,378.56973,170.55722,396.27396,188.45096,0.5528424
152,603.27527,177.35472,616.45654,237.79686,0.53170675
152,334.32776,176.78596,350.3905,196.51903,0.28606722
152,582.7765,176.93906,609.67773,206.55634,0.14568378
152,581.5476,182.76898,595.63477,263.18793,0.0658134
153,585.99634,178.98947,615.8351,260.61218,0.99324554
153,517.6277,176.14232,530.8125,210.36644,0.9369145
153,326.50555,181.09749,350.2845,199.1678,0.7942536
153,383.34305,172.4378,397.66068,190.21039,0.5846189
153,603.828,180.80542,619.42566,245.2226,0.5735116
153,353.97858,182.52579,368.6317,199.78915,0.28787166
153,92.534676,181.61003,109.0077,205.03065,0.05021981
