1,0.0,167.922,16.01295,188.89282,0.08484462
24,1059.0571,154.968,1076.1538,170.65392,0.050961558
27,1108.5396,149.85783,1122.5908,169.08171,0.0668726
35,102.32289,188.18921,120.39148,220.512,0.1689535
37,54.736073,185.85493,74.41994,222.57909,0.2128373
39,0.0,189.97278,15.819872,228.60696,0.39404014
39,0.0,208.36568,16.334854,231.86601,0.059849326
46,776.282,165.31139,789.4015,188.25047,0.13384366
47,773.0981,166.0596,784.9742,186.61777,0.21259427
47,777.5341,167.72704,790.4765,187.69316,0.124402516
49,998.40857,148.0672,1009.0497,169.52505,0.19296297
50,1219.1914,144.68626,1242.0,164.18059,0.054450218
51,1220.507,144.05583,1240.5021,165.80345,0.6267602
51,597.3439,169.92215,606.5928,189.63641,0.24108121
51,1219.1434,149.29863,1235.267,171.87221,0.16611966
52,1222.4391,144.72954,1240.3563,166.59502,0.72406334
52,1221.7694,149.03032,1236.1918,173.39561,0.19886754
58,768.48816,167.3679,781.7612,189.2747,0.059333865
59,767.29614,173.6181,782.0436,190.67822,0.0671392
60,768.52515,169.8637,780.9176,190.82478,0.2638834
60,314.6761,173.53706,332.16022,195.46983,0.2059476
60,318.17636,172.2329,338.47055,191.73204,0.15607291
61,1008.21375,141.04022,1017.67004,171.23868,0.098532
61,569.5181,173.6048,580.982,192.87152,0.069863044
62,569.46277,171.15784,580.17126,191.90091,0.16911145
62,322.4537,159.23183,334.00113,179.76103,0.06741122
62,315.18954,161.42307,332.70615,178.87863,0.060200274
63,764.71216,171.06384,780.0587,189.55435,0.22793418
63,509.03168,166.1159,522.1431,186.45139,0.05484859
64,565.44434,169.10065,575.61633,192.49316,0.110562906
65,563.2847,167.83815,572.95514,195.7853,0.5109255
65,768.5768,170.75261,781.0825,191.51994,0.116128966
66,562.0352,170.58948,571.1414,196.5679,0.40360427
66,498.45273,167.12473,510.24905,191.54675,0.09231425
67,494.52426,166.81851,506.04263,191.78113,0.115846984
67,308.12354,354.44205,408.69476,375.0,0.0885717
67,770.788,172.11081,782.56464,192.2533,0.065140925
67,1030.2703,133.22316,1042.4617,172.00175,0.06173037
68,776.2468,169.42545,793.7268,189.23633,0.46739435
68,773.0665,171.17615,786.9158,190.45245,0.2592803
69,773.8062,170.48177,790.34174,190.81963,0.23510334
69,1150.5829,151.7615,1162.4772,167.00677,0.06572954
70,549.94165,170.38939,565.7322,186.41518,0.19397546
70,776.6127,169.92928,791.1299,189.4966,0.072966784
71,781.2943,170.26485,793.5065,189.84908,0.18230641
71,1221.0001,136.29393,1241.8068,162.19191,0.07911232
71,548.0178,173.1961,559.07324,193.2384,0.058147125
72,784.23083,170.87239,797.0459,192.46825,0.47355184
72,83.609535,180.3769,104.97013,205.78514,0.12021183
73,49.588272,180.08673,71.913475,205.80661,0.35225597
73,545.2758,177.32243,555.6082,199.17241,0.059957027
73,477.9562,168.50845,489.27823,192.95331,0.055551864
74,17.585926,182.63567,40.771683,213.73204,0.47455892
74,542.76935,178.89331,555.7227,201.47452,0.44123617
74,538.84845,181.39552,551.9539,204.30727,0.33853686
74,791.7811,172.12039,806.62036,197.40482,0.21102333
75,796.4784,170.17476,809.7689,199.10573,0.3171329
75,537.5001,180.89206,549.9269,205.22571,0.2137957
76,801.3671,172.04543,813.6641,199.59904,0.9304757
76,534.34985,176.91003,544.8336,203.72952,0.7691351
76,790.0854,173.51048,806.2349,196.19142,0.37462765
76,785.5823,173.65622,801.0492,198.33527,0.25779054
76,540.2772,177.48811,550.4984,201.44621,0.21501583
76,791.5501,179.20624,815.4605,200.4155,0.073540315
77,531.1474,175.50679,542.1158,202.4948,0.89492345
77,804.3776,168.28342,816.98285,197.08243,0.58357674
77,510.5637,167.08047,519.9437,189.10028,0.2493454
78,808.45294,168.13747,822.5662,198.72481,0.45845997
78,528.6408,172.37195,539.6818,201.70142,0.40951312
79,811.9412,167.24283,824.4694,199.3717,0.8838102
79,526.154,175.05669,537.37933,204.34123,0.6075324
79,806.6193,178.32152,827.67303,201.37102,0.052720122
80,522.2464,175.5423,533.6916,205.52673,0.99461186
80,817.6433,173.07133,828.7318,203.38893,0.94483083
80,1214.863,154.73215,1240.6125,172.36322,0.085512616
80,808.39825,172.5615,824.38495,201.37619,0.071062356
81,518.9699,175.60805,529.075,205.27046,0.9603503
81,820.3842,169.53714,831.9808,203.17365,0.7529664
81,1220.7225,156.69875,1241.0165,175.13664,0.3604189
81,810.44305,170.14876,826.72125,201.14922,0.05813203
82,515.18475,176.21603,526.6651,206.87924,0.87457204
82,824.3032,178.46028,841.8203,206.53014,0.55361325
82,817.7478,175.83105,833.151,204.0187,0.050221715
83,513.49603,178.56157,523.84357,208.46559,0.9431214
83,521.2826,177.54524,533.04065,206.00694,0.79879904
83,834.2444,168.13776,848.9027,204.2233,0.75970215
84,838.4721,171.49066,852.9919,209.89352,0.9875432
84,508.82925,179.69183,521.8145,209.45068,0.4132987
84,1219.0632,160.82346,1236.9482,190.3714,0.2535632
84,837.13007,162.6315,862.7836,206.01791,0.053234633
85,506.3948,176.32312,517.2239,209.0538,0.9924993
85,838.06366,169.66972,856.0804,206.79247,0.89354426
85,517.20593,179.21652,528.0636,202.27185,0.5321268
85,832.94006,182.53836,857.5697,210.45847,0.071747094
86,502.25882,175.32983,515.2459,209.59073,0.99655175
86,842.0991,171.65176,865.786,210.4002,0.783267
86,509.35983,177.97516,520.4968,205.40341,0.16427162
86,880.2791,168.23642,892.88116,195.19489,0.099841826
86,508.77304,179.74101,526.9075,195.32472,0.06111261
86,843.845,188.4458,866.5112,212.41064,0.059588194
87,496.96432,173.36607,510.3903,211.76714,0.99784493
87,853.0325,171.78069,868.8751,211.24944,0.96776754
87,508.09018,178.07552,520.394,206.96626,0.809856
87,836.7277,170.99977,874.6434,203.41112,0.36759338
87,857.4604,175.5171,874.29266,209.62935,0.21620362
88,494.9771,175.29993,508.034,210.28827,0.9982716
88,505.05264,177.52562,518.90247,208.42436,0.9368481
88,863.86847,169.33026,878.4554,205.0776,0.835733
88,859.6181,166.28654,879.9476,193.0002,0.24418442
88,855.41986,168.65053,880.38226,210.81126,0.14768274
88,850.2865,178.0183,867.879,206.65883,0.064767316
89,492.8039,179.23657,505.9502,213.57602,0.8703236
89,863.40106,168.89508,877.57916,203.13168,0.7744165
89,502.49692,180.36028,517.45386,208.30907,0.07120411
89,1152.2771,152.00748,1164.2661,168.8263,0.06566881
90,488.86343,172.8117,502.29904,212.15027,0.99804026
90,873.1325,168.69583,886.2889,196.17227,0.8483554
90,499.59036,178.25217,512.49194,208.3963,0.84805566
90,485.97446,166.83644,498.56595,208.85411,0.19850783
90,870.5399,175.19232,889.7644,202.99011,0.13297342
91,485.24878,171.2516,497.9157,213.61961,0.99894243
91,879.6542,167.52539,892.9369,192.86807,0.9572189
91,494.3385,179.17851,507.93958,203.86238,0.117620036
92,482.44,172.16846,494.00018,213.75644,0.9976642
92,492.78473,176.98785,506.62482,208.76996,0.98750454
92,854.2607,170.05136,890.5715,187.77264,0.07057642
93,488.89148,174.97855,504.2348,210.25278,0.99685955
93,477.37772,172.83502,491.86826,214.1578,0.99555796
93,483.344,173.96082,497.36053,208.97159,0.45524052
93,891.3685,168.17743,909.9647,188.69006,0.25288704
93,469.32898,171.82129,481.57483,195.21524,0.10783475
93,872.2207,169.43968,905.1863,187.65773,0.09464882
94,472.96973,175.36005,489.59637,203.48212,0.704028
94,884.2216,173.04768,922.5623,188.9616,0.19975421
94,469.48267,171.86774,483.6306,200.28589,0.18500212
94,471.35742,173.3382,498.424,213.86182,0.088015415
94,482.5376,178.96352,497.956,210.03676,0.08050429
95,469.36902,172.20847,482.94318,215.52536,0.98628217
95,478.48535,179.34657,495.3291,206.93333,0.6968055
95,894.15173,171.05167,917.595,189.21738,0.6798176
95,466.10474,179.0842,497.22156,200.2056,0.12537834
96,466.4856,171.75903,477.48596,217.89139,0.9957208
96,476.5341,177.4638,492.31406,212.20297,0.85130006
96,469.02777,172.17613,490.23035,218.66817,0.62338144
96,909.68933,165.00114,924.5958,189.89235,0.56543696
96,384.95135,180.54222,396.65497,196.14839,0.10680565
96,464.39713,185.82016,481.9609,217.92038,0.07521422
97,463.0861,176.99208,476.32693,217.41399,0.23866893
97,915.16296,169.91386,933.83923,191.09297,0.1039581
98,441.43643,179.96274,486.63522,202.34872,0.15964566
99,450.99725,177.01468,466.40552,217.64279,0.9789956
99,447.37357,178.3552,469.9661,203.75586,0.4739543
99,460.85907,182.00883,484.70264,200.85435,0.16278745
100,449.11038,175.80118,462.86746,225.57452,0.99884254
100,460.08047,180.60503,477.18307,215.046,0.7131871
100,453.1129,173.71623,476.1651,222.80724,0.71079475
100,416.38382,179.83572,426.8326,196.34473,0.08742024
101,442.4431,174.08519,460.0647,227.066,0.99922097
101,457.26813,177.38174,474.07013,217.5794,0.9075995
101,413.01782,172.07028,423.44617,196.80615,0.5954164
101,436.21527,173.35974,453.05676,215.5932,0.1969805
101,434.52896,169.08044,467.322,218.13483,0.08625161
101,443.56995,181.29407,475.92767,215.76047,0.07207744
101,436.24,175.21204,464.58594,203.55365,0.06534752
102,957.51306,165.8448,970.4874,198.41591,0.5901908
102,959.56793,174.93253,973.9996,199.12317,0.06340087
103,433.49268,176.17157,451.1031,224.69943,0.49187902
103,426.13074,173.34642,462.8853,225.09718,0.18991694
103,414.47006,175.82852,487.42862,220.0314,0.09072689
103,963.3552,161.903,980.73755,197.1497,0.06337172
103,409.58264,170.95108,423.07776,194.10947,0.061976857
104,431.0578,174.90897,445.89526,225.4545,0.6985438
104,950.3518,163.01436,992.88354,209.91673,0.38310006
104,974.71136,164.19603,990.71576,202.80641,0.18938538
104,425.72314,175.67342,453.95172,227.94301,0.095592625
104,435.25375,176.10388,454.6666,204.34158,0.055561896
105,427.02402,174.08803,442.51028,230.80663,0.9990472
105,962.41437,168.09015,1000.0466,211.55856,0.98948574
105,441.15076,179.56624,461.05786,218.15303,0.76295406
105,980.50024,166.74887,1001.15283,209.63358,0.2372548
105,421.29697,175.70084,435.82895,214.67279,0.23005834
105,423.2684,175.59764,440.6873,202.00789,0.13224207
105,427.82858,178.36688,446.12827,212.0185,0.09740555
106,421.1564,174.02887,439.96487,230.08957,0.99867034
106,994.0485,168.85776,1010.83734,219.80856,0.8323019
106,969.97266,164.44897,1010.75696,214.61264,0.6523519
106,436.7873,171.48415,460.06097,224.84465,0.47693768
106,428.9106,176.43748,444.81448,223.70375,0.46479243
106,996.8207,174.68254,1017.6239,214.84425,0.09099174
106,434.4269,176.02165,449.25192,205.85786,0.0826462
106,439.16205,182.7338,459.6902,206.7562,0.080031596
106,994.0756,163.9375,1007.41864,199.1911,0.07794757
107,419.0738,176.65347,436.77057,229.65112,0.997566
107,1003.93945,168.58,1020.8933,230.87096,0.8164284
107,988.53925,165.4949,1020.8853,233.05646,0.4324671
107,422.9252,174.50374,445.5634,223.53725,0.124285325
108,415.13715,177.98087,433.16223,232.92514,0.99967694
108,999.07465,172.33722,1032.1632,239.49146,0.87376845
108,1015.6012,172.49954,1032.8119,235.8346,0.73018897
108,401.5116,175.72824,411.01038,198.7302,0.7227722
108,998.90814,175.26881,1030.7267,209.32372,0.17737426
108,974.9562,182.16351,1039.8605,245.39163,0.06726091
108,431.44476,182.27626,454.93292,208.28053,0.05923213
108,428.33038,175.01346,453.5301,228.4484,0.05062383
109,411.65265,174.57071,429.90503,235.33472,0.9996897
109,1026.472,168.22557,1042.461,253.69984,0.9557542
109,1006.2118,170.06863,1042.2181,251.50104,0.92677534
109,430.8919,182.39523,452.75116,216.63928,0.285502
109,410.44638,173.48816,426.61636,212.84055,0.23130229
109,399.6213,174.62753,411.2938,200.42935,0.080386765
109,1014.37415,170.13808,1060.0355,243.88704,0.058762163
110,407.96216,174.18542,426.4615,237.19888,0.99986124
110,1007.8979,172.56816,1055.7122,253.0988,0.9714186
110,399.1509,177.01672,412.01462,205.02432,0.38588277
110,395.89542,172.59229,408.87607,196.86172,0.1982076
110,1038.9978,173.085,1054.1702,258.60464,0.109559864
110,426.7252,182.9299,450.5646,209.37857,0.06951896
111,406.93402,173.65564,425.69708,236.63116,0.9996867
111,1016.96423,174.844,1068.9288,257.75012,0.9917116
111,395.8879,174.07063,410.1143,196.7856,0.42493522
111,400.9294,175.20679,414.7482,217.77585,0.32492962
111,1053.4575,179.69324,1067.0322,250.99759,0.19186267
111,403.679,175.08754,418.02713,202.955,0.08442773
111,424.09207,182.27452,448.1254,209.51994,0.07377804
112,404.0183,173.51993,422.37,238.13849,0.99968874
112,1023.9723,168.48149,1078.3768,259.84967,0.91338485
112,401.90485,175.286,418.01172,218.54027,0.36570346
112,394.83914,175.15463,408.15604,199.29614,0.18400098
112,395.5067,174.03659,413.09167,226.5888,0.15179661
113,401.36633,175.02966,419.96838,238.61093,0.99937266
113,1040.3323,166.50656,1091.4487,253.28104,0.37204856
113,1029.4781,173.63272,1101.5756,209.82019,0.12756686
113,1074.1814,158.12497,1091.365,212.16629,0.12214252
113,1074.8325,176.77673,1088.5732,257.51688,0.090894766
114,397.0208,175.60237,416.53247,241.83678,0.9996568
114,396.98544,176.42227,414.52225,213.04083,0.098230764
114,1059.333,181.17647,1100.9648,212.39992,0.08775039
114,1084.7692,172.18544,1099.952,219.28572,0.070637174
114,391.90332,174.93892,408.13617,201.7011,0.06058502
114,418.21304,184.54845,441.95193,211.40468,0.058236253
115,394.43033,171.99611,414.20932,243.04073,0.99973565
115,390.5201,171.8163,406.9296,235.45851,0.69857794
115,416.04956,176.33208,440.58936,227.41649,0.19699587
115,388.88882,173.8365,401.8608,211.3986,0.14814521
115,434.05054,174.08382,445.90216,206.61568,0.09597886
115,414.58282,185.21623,440.01593,211.4713,0.06458085
116,389.0542,172.63142,411.76703,243.59087,0.99959713
116,387.6296,174.96384,400.42807,214.89505,0.33471268
116,409.72015,175.18011,435.77057,228.88388,0.06626003
116,389.42334,174.82011,404.43872,201.28227,0.056242835
116,1110.4822,185.28755,1122.9924,247.07689,0.05069532
117,390.2773,170.62115,408.9691,243.40698,0.99929667
117,403.50366,173.0641,416.42694,216.36464,0.49315256
117,384.99298,174.9956,407.6856,220.16812,0.3080765
117,383.65326,173.01639,418.20142,234.9656,0.20229954
118,386.45087,171.47513,403.7212,243.9437,0.99946636
118,383.6142,173.59805,416.6624,238.02408,0.18474114
119,382.9757,171.94846,403.99127,244.46054,0.9998349
119,381.09113,175.24875,405.11505,212.24951,0.12282424
120,378.04355,173.92517,403.14798,244.29333,0.99972445
121,376.07648,172.49199,401.19293,245.14668,0.9997925
121,402.66168,181.77625,428.24353,221.49762,0.5261379
121,400.14474,174.8113,418.17593,215.2093,0.46157828
121,354.01935,174.88603,403.90118,226.9886,0.14352494
121,392.13583,171.37793,423.48508,221.90353,0.12771992
121,373.8882,174.5632,393.7748,205.38113,0.09944886
122,372.34894,172.76146,396.19556,245.1006,0.9992692
122,355.2231,177.88058,399.9603,226.64493,0.6013176
122,370.97302,174.9401,393.57257,215.44174,0.15028386
122,385.88083,174.69394,400.11972,223.0752,0.08533665
123,369.06345,176.02728,394.7758,241.97064,0.92608565
123,1131.5634,171.08827,1193.57,259.28458,0.86240286
123,1144.6227,164.0171,1165.2181,249.42845,0.15675475
123,1133.3235,174.06061,1163.2004,211.35114,0.11911919
123,1125.4938,166.9811,1173.2914,220.80159,0.11734341
123,1070.9701,199.19609,1218.1627,273.48895,0.08001108
123,354.71088,178.80882,398.05505,227.80455,0.07428599
123,366.19574,177.10175,389.2121,212.17572,0.06638426
123,1147.1908,165.44728,1164.559,211.87648,0.054508455
124,368.81744,172.71051,393.03558,246.84665,0.99821174
124,371.46866,175.171,387.65994,229.73491,0.74421656
124,1154.4607,162.5409,1171.45,207.56494,0.44190073
124,384.4352,175.06299,398.68015,242.97284,0.40004855
124,1151.4957,164.83061,1206.4628,214.0413,0.22697337
124,362.39264,181.41367,404.8155,236.29523,0.10418131
124,1155.7871,172.02904,1202.8232,256.60992,0.09488798
124,365.9351,174.12556,383.8029,200.90117,0.062390756
124,354.70773,169.73897,436.8704,242.37218,0.059882384
124,1155.1641,172.76425,1202.0637,200.76477,0.056392282
125,367.92953,173.26834,391.95706,248.91437,0.9994842
125,1142.6654,165.06505,1206.341,256.45123,0.96746784
125,380.70752,174.41031,394.5138,243.0336,0.28912434
125,1099.906,186.69815,1233.615,273.91687,0.11164004
125,1161.7491,161.34683,1184.14,250.1546,0.08894877
126,366.38867,177.23404,389.4231,248.54538,0.99948007
126,1141.1141,167.49599,1228.4276,272.72577,0.9304857
126,393.878,185.04044,422.0113,213.74579,0.19787224
126,1212.8484,198.67393,1242.0,282.6493,0.13385579
126,1096.2664,196.6073,1242.0,279.62338,0.12179551
127,363.59033,172.34575,387.70874,249.42567,0.99922657
127,1148.2682,162.866,1215.0463,263.4136,0.95748985
127,1188.3926,162.61943,1200.7773,261.06744,0.4931266
127,1220.9554,166.48553,1239.6417,216.35696,0.45559528
127,1216.8239,157.22144,1242.0,273.8666,0.26828164
127,1221.3638,198.98114,1242.0,265.18207,0.22608285
127,391.71252,186.48125,420.93896,215.1769,0.158498
127,1219.4962,213.9601,1242.0,245.84532,0.14400391
127,1171.1356,161.38274,1228.3151,244.9622,0.13143027
127,1218.3666,194.19681,1242.0,233.4165,0.123990364
127,1116.144,183.44516,1235.3708,275.9146,0.07531009
127,0.29232693,353.70438,24.555222,371.80588,0.06886633
127,1221.6102,150.921,1237.8605,192.35304,0.0658811
128,362.32587,172.55173,387.3994,251.14008,0.9998739
128,1150.9739,166.78697,1239.312,276.56,0.87249094
128,388.25427,186.35742,420.28143,215.30893,0.08257311
128,385.47913,178.50632,396.65393,206.35172,0.07081531
128,1183.7037,178.61597,1242.0,252.10367,0.05663373
129,361.07462,172.63173,384.06052,252.9128,0.9997861
129,1193.1965,168.67679,1224.8577,259.2122,0.959208
129,1188.0524,177.30225,1242.0,272.2962,0.40016523
129,340.68423,167.32288,353.4778,190.84195,0.25542167
129,1184.2073,165.97336,1217.5608,236.10388,0.19588235
129,1191.3038,176.9265,1219.4882,223.14445,0.10887834
129,1167.5115,167.70834,1227.4988,265.94443,0.102548175
129,1194.0502,166.50426,1242.0,230.1775,0.07706185
129,1211.0447,184.08308,1235.949,261.31293,0.065671936
129,387.77454,188.35979,419.87402,215.07243,0.054201968
129,1192.7452,166.61365,1218.3656,206.51419,0.05029515
130,358.99658,173.06421,381.4334,253.9862,0.9997017
130,1203.5098,167.44266,1238.4624,274.6726,0.8982422
130,1200.3676,166.23439,1223.1727,265.7122,0.65845764
130,1178.4061,165.63757,1227.8131,266.5902,0.40593103
130,1200.4956,164.54163,1222.5242,211.081,0.32470447
130,1205.0674,173.11697,1231.6431,232.93277,0.2521111
130,1211.0437,183.18896,1235.5469,248.0839,0.19195136
130,363.22003,177.1707,380.2,221.49284,0.1759534
130,1202.9438,167.70126,1238.845,205.79977,0.17415012
130,356.36267,175.96074,375.06818,232.9738,0.11575173
130,388.043,185.36736,426.6133,211.68172,0.11432245
130,1214.544,201.60255,1235.2122,294.44885,0.06898401
130,352.7625,175.59557,367.0077,203.84727,0.065546714
131,357.09314,174.90196,380.80493,253.50798,0.9995683
131,1214.9479,169.00356,1237.5214,255.04005,0.98208195
131,1198.6637,163.65062,1242.0,272.52713,0.93883497
131,1208.0435,175.00009,1236.7012,225.80667,0.5035473
131,1216.6082,164.91763,1234.5522,204.46964,0.44398785
131,1217.0555,201.26375,1236.3241,273.08972,0.35152563
131,367.31094,174.81894,380.7097,207.54672,0.26566762
131,1218.9814,160.40916,1233.0771,188.94762,0.22227979
131,1210.3363,197.5255,1242.0,303.44568,0.19689287
131,1202.3657,175.57307,1226.5339,245.0844,0.17434905
131,387.2892,177.01595,401.42075,198.12953,0.116942845
131,1201.576,176.44897,1226.4147,207.71652,0.108544394
131,388.91806,185.99011,412.65982,217.3248,0.102765895
131,1215.4708,195.65594,1242.0,232.15668,0.10173491
131,1211.7238,211.94586,1241.983,247.23248,0.073399566
131,1193.1818,165.07016,1241.4408,213.92612,0.054284487
132,355.12448,175.26634,379.21432,254.05559,0.9992919
132,1218.4077,167.4535,1240.9619,202.8701,0.58031046
132,1215.9298,164.0434,1236.7345,245.96768,0.51402235
132,1223.7787,176.697,1242.0,244.21068,0.36628136
132,1203.9028,169.64735,1242.0,251.99486,0.3538984
132,1221.577,156.34875,1241.7797,184.79324,0.28489462
132,368.77316,175.60396,380.32602,202.87471,0.27184543
132,1215.2087,65.34467,1242.0,240.39648,0.20429632
132,1215.2949,176.21889,1239.2346,219.25694,0.19298607
132,1213.8734,198.26778,1242.0,230.48921,0.10933752
132,386.9393,183.93085,412.26218,217.39926,0.10458215
132,387.1432,176.50795,400.72015,198.09337,0.08746226
132,1197.0797,81.22532,1242.0,264.82236,0.08073494
132,1184.652,169.58484,1242.0,218.82336,0.0800603
132,1188.8365,151.41072,1242.0,294.8852,0.057529658
133,353.39246,175.22275,377.9944,254.35,0.9996568
133,1218.1636,180.89331,1242.0,271.3721,0.15735237
133,370.44934,177.63133,381.3501,201.24467,0.08104101
133,386.86264,177.42361,401.8525,201.92807,0.07631746
133,366.31345,176.05511,378.3289,200.35876,0.05082856
134,351.04486,173.03897,377.0938,255.38376,0.9998022
135,350.5113,173.75235,375.9204,256.10977,0.99987483
135,1211.1133,184.83131,1237.1011,212.44075,0.2522609
136,350.32785,176.38129,373.41727,257.8314,0.999863
136,348.3176,182.78238,371.01938,230.04535,0.143995
136,1210.2511,185.02339,1234.222,213.79524,0.127679
136,1204.3782,201.1915,1242.0,216.78632,0.09277418
136,370.4914,180.41342,381.61523,202.96838,0.075747065
136,352.7895,177.00948,372.08575,200.31013,0.061663132
137,348.59515,176.14699,371.70032,258.86856,0.9998796
137,1211.2275,203.5051,1242.0,224.15137,0.73780924
137,346.05426,183.76372,368.97217,225.89378,0.108037055
137,343.18948,182.51675,362.14395,251.01276,0.055386983
138,345.39172,175.73412,369.21533,259.68704,0.9998779
138,1217.6837,204.23607,1242.0,224.27666,0.606789
139,343.3012,176.52301,366.3603,259.996,0.99984837
139,1220.962,205.62306,1242.0,226.82109,0.24500994
140,340.0482,176.79575,364.66873,260.09586,0.99984694
140,337.20624,178.8338,357.7586,241.10898,0.07934949
141,337.79684,174.67638,363.08334,260.99725,0.9999087
141,335.1266,181.09764,358.39398,226.82295,0.18121852
141,368.19406,183.24411,383.7355,217.05661,0.06658735
141,1217.5123,203.78561,1241.6852,224.14389,0.054004554
142,334.7302,173.65314,359.7847,260.58337,0.99988306
142,1027.2153,163.61824,1036.0742,176.42393,0.16438179
142,357.5294,185.23834,404.5049,236.88486,0.05111173
143,334.63354,174.25125,358.35376,255.35187,0.99665135
143,335.95694,175.92918,353.47,215.26118,0.09050902
144,331.91995,175.01413,358.48862,261.92508,0.99938416
144,320.72058,182.74805,369.88757,247.61575,0.097702764
144,976.47174,160.6326,984.94415,180.72153,0.086617865
144,258.1888,183.88942,268.8752,208.58662,0.07714064
144,1217.7253,238.73456,1242.0,259.0475,0.07247489
144,347.227,188.79169,363.04572,254.14633,0.06285565
145,330.8412,175.06244,356.79327,262.66376,0.9993186
146,323.566,174.03671,354.74295,261.65186,0.9998729
146,297.21307,179.40158,391.3365,244.30286,0.0901262
147,325.49915,174.43417,351.94678,262.1094,0.99935097
147,913.0695,164.33835,925.0673,178.69571,0.07435223
147,310.92722,183.37488,376.2368,243.64877,0.061320007
148,324.04462,173.63199,352.3731,263.17923,0.99976367
148,360.85443,190.29886,392.52612,221.77966,0.21085334
148,290.5875,173.22844,314.4271,187.67598,0.07689128
148,333.61856,177.7277,363.36905,243.00575,0.06551346
148,356.66864,182.73714,401.47333,216.5384,0.052803416
149,322.00537,175.1628,349.94916,266.2263,0.9998474
149,360.5403,190.35655,391.71695,222.74422,0.08265934
149,331.40228,177.16476,346.92175,208.5061,0.05056238
150,322.20526,175.32977,349.83466,264.40274,0.99974495
150,316.5109,181.01503,362.25827,241.03093,0.07458767
151,318.9397,176.26414,348.41962,265.37842,0.99969673
151,336.40317,177.31519,351.66574,262.9625,0.5957368
151,314.6242,182.43826,361.9867,241.2313,0.25450766
151,317.08917,185.73297,341.74554,241.05865,0.20922266
152,317.49387,174.51335,346.35196,267.14517,0.9998265
152,334.18634,177.50534,349.48773,259.28418,0.36727202
152,312.43015,186.2597,324.67728,213.74481,0.118786186
152,317.33267,175.98416,343.43948,205.38635,0.06747912
152,310.6012,178.70609,344.9934,227.80151,0.06637707
152,339.20987,181.75769,354.66928,210.32993,0.060966328
152,817.3748,166.0532,829.0351,181.4901,0.057676554
153,315.27185,175.84308,345.48572,266.704,0.9997981
153,799.1537,165.08264,812.115,179.5921,0.08350434
153,580.4871,177.92267,589.5092,210.6,0.06476888
154,314.26062,176.28726,344.0932,266.80624,0.99986696
154,328.9832,178.93652,346.69882,263.1149,0.14818697
154,786.3051,164.93962,795.8494,179.31172,0.090100616
154,318.1471,176.16566,340.22418,211.47063,0.06968261
155,312.597,176.7363,342.35022,267.27213,0.9998678
155,305.06628,175.31522,345.06366,231.34854,0.12431646
155,307.8448,177.62004,342.4969,206.03722,0.06861204
156,313.33823,177.61215,341.28824,268.07294,0.9996617
156,307.9525,186.21524,321.20923,217.69562,0.14988929
156,315.64902,176.98055,335.32016,209.30232,0.07803535
156,310.2286,186.89163,336.87173,221.72952,0.056909833
156,749.6317,165.73048,761.0697,180.78337,0.056667317
157,311.72552,175.34975,340.30414,268.84473,0.99964285
157,315.5589,174.61194,333.0453,209.31442,0.21333764
157,305.70514,180.48674,339.1847,232.66872,0.12504405
157,309.11743,183.10406,326.70612,232.46432,0.075383596
158,310.52054,174.73738,340.40616,269.21533,0.9997161
158,310.32944,187.03262,337.2534,232.32559,0.53005743
158,315.12988,174.2591,333.2782,210.04855,0.09317243
158,310.70178,174.68336,327.79065,205.52986,0.070640266
158,350.12772,185.88737,378.52518,236.6624,0.06754359
159,308.70148,175.55315,338.11346,269.61533,0.99952555
159,308.80206,189.97607,336.5274,238.32764,0.07522183
159,311.68057,172.20766,325.9506,200.21684,0.06676567
160,309.43182,175.25902,338.07013,267.65088,0.9990594
160,310.32764,178.98619,328.4596,238.73204,0.1085209
160,312.65045,173.74228,329.1953,197.40594,0.09160845
161,307.32712,179.09856,336.3276,268.4106,0.9996412
161,295.41568,184.60359,364.3677,244.73619,0.054709233
162,308.6076,175.37753,339.02484,268.41904,0.9991756
163,307.89996,181.7112,334.69867,268.40277,0.9990409
163,301.1138,184.65475,347.0759,249.6626,0.24643265
164,306.77948,178.37155,335.54425,270.67444,0.9997415
164,614.23334,175.55058,623.28033,200.24501,0.7863806
164,321.18637,176.58945,332.34396,206.58731,0.23128995
164,320.53473,183.03513,341.9502,262.172,0.071318574
165,304.26053,177.90088,333.96408,270.5575,0.9999002
165,294.37238,170.74771,303.8817,204.37167,0.3158257
165,314.4622,179.21277,332.86038,246.4292,0.29915
165,305.97635,184.69775,325.1473,235.18976,0.22302358
165,313.07797,174.74979,330.55527,202.02985,0.19243881
165,296.11176,174.52585,307.28912,212.22443,0.15461585
165,307.48468,174.54874,321.4182,203.00116,0.11965939
166,304.2169,177.64642,333.05838,270.31732,0.99980766
166,305.23544,184.93411,327.3024,233.76666,0.49490973
166,314.9665,180.47299,332.5924,248.29288,0.43901035
166,310.0015,174.90489,328.53732,200.33974,0.18202224
166,320.4172,174.92088,333.13748,204.57225,0.13829604
167,303.91028,177.63663,332.8689,270.74207,0.9998518
167,315.6011,179.85284,332.7545,246.08673,0.31776056
167,304.86295,186.18404,327.23428,231.27287,0.30869064
167,309.465,175.68814,329.17514,200.11081,0.17494944
167,320.91223,174.08243,333.41302,204.93628,0.10530787
167,592.0979,164.30063,601.59753,182.20508,0.061983414
168,304.37433,177.56613,332.8623,270.80093,0.99993277
168,304.68158,185.79456,327.226,236.62961,0.37388575
168,316.68564,179.89134,333.251,248.67824,0.34870106
168,321.01044,174.5553,333.68896,206.48257,0.1002943
168,312.50452,175.94687,332.46307,201.55591,0.093204364
169,304.1953,177.94649,332.82593,270.85925,0.99989617
169,317.14258,180.40378,333.49023,247.35815,0.3781972
169,304.80463,186.34222,327.24817,236.05768,0.3645785
169,320.9924,174.22269,333.5665,205.48605,0.11542267
169,312.90533,175.80411,332.14752,201.73816,0.11256591
169,308.66223,182.73462,332.80316,221.81833,0.050172098
170,304.1971,177.64243,332.4393,271.42474,0.99993455
170,316.70197,180.64734,332.72766,245.81824,0.32472992
170,304.93384,187.12646,326.79358,233.08356,0.27599964
170,308.69986,175.51894,328.8339,200.02919,0.107335374
170,320.3708,174.64487,333.09497,205.06317,0.10023865
170,308.00162,182.81358,332.7324,221.88509,0.055730432
171,304.13287,177.396,333.00726,271.3922,0.99994683
171,316.21475,180.06383,333.11746,244.59886,0.33982518
171,305.2605,186.01886,326.62317,234.52289,0.29187524
171,308.67828,175.28723,328.96765,200.17072,0.14113829
171,320.2763,174.46751,333.26196,205.12523,0.0760296
172,303.0755,178.33694,333.8864,270.60757,0.9999349
172,319.83417,176.24875,335.23773,266.19257,0.8751301
172,305.31116,185.99286,327.59436,241.2161,0.32776982
172,308.97015,175.86403,328.8714,200.53783,0.09894497
172,308.53452,182.38152,333.30283,221.08687,0.086748734
172,320.04654,174.37988,332.98355,205.71744,0.06307099
173,303.2932,177.60979,332.68945,271.31436,0.99995995
173,529.89197,166.21158,539.5033,183.82687,0.5051165
173,304.89285,185.94008,326.9445,237.95894,0.21389626
173,316.3068,180.2031,332.86557,246.78076,0.21001965
173,312.60342,175.46663,330.9446,200.83815,0.091587156
173,320.17847,175.38577,333.05457,204.82211,0.064142674
173,522.9673,167.32074,537.13745,188.8013,0.054251544
174,303.3127,176.84334,332.30008,271.35077,0.9999465
174,320.07144,175.97498,335.07828,265.04535,0.8000866
174,320.72327,178.69637,334.00507,205.60146,0.63984257
174,313.4276,177.42654,330.92188,202.5256,0.45615712
174,314.9937,179.0344,335.13605,214.78506,0.3631536
174,305.25998,186.32681,327.12558,234.5387,0.2503559
174,513.76227,166.96681,523.4202,185.99257,0.1368682
175,303.254,177.20932,332.7211,271.4573,0.9999652
175,320.5144,177.5669,333.55865,204.5441,0.62681866
175,313.3731,177.03276,330.71472,202.03505,0.43191677
175,318.05093,179.97232,333.0319,229.09665,0.40615457
175,305.34033,185.24237,328.52667,242.59619,0.26972914
176,303.76236,177.09862,332.67215,271.45856,0.99996734
176,320.74472,177.08705,333.45932,204.3697,0.5658784
176,318.70938,179.90494,333.38913,241.69,0.55723
176,313.47925,176.9453,330.81458,201.22606,0.28327474
176,1217.3132,165.10608,1238.7056,188.56384,0.07742348
176,302.8447,188.19173,326.6641,236.99953,0.07442708
176,311.85236,180.9898,333.1974,217.10364,0.07069116
177,304.1707,176.64975,332.54526,271.334,0.9999341
177,318.3622,174.26077,334.01273,268.295,0.8254156
177,320.63425,176.12415,333.26614,204.6048,0.57207835
177,312.8339,175.92973,330.6309,202.01384,0.4661116
177,311.17435,179.66655,333.3679,217.29176,0.13559185
177,303.00488,188.89914,325.9489,232.41663,0.08963431
177,306.82578,174.24695,323.80368,202.32712,0.056056883
178,304.27643,176.65305,332.95703,271.24173,0.9999486
178,318.88507,179.40126,333.73248,246.05379,0.66077274
178,320.81815,176.46263,333.55258,205.12337,0.48361295
178,312.50195,176.17688,330.57446,201.6647,0.35416144
178,304.9884,185.5398,327.69067,236.46332,0.33681157
178,310.93405,180.7394,333.36917,217.78883,0.090241775
179,304.2274,176.41943,332.86777,271.2401,0.9999491
179,317.90176,174.5037,333.9783,268.16415,0.8430958
179,321.05716,175.56575,333.56314,205.0532,0.483462
179,312.50443,176.0551,330.9354,202.41331,0.31752542
179,303.0355,188.87912,326.42484,234.22592,0.13024583
179,310.47775,180.03656,333.31693,217.87897,0.121478006
180,303.87476,176.86111,332.3553,271.14713,0.9999418
180,319.3102,174.76035,334.05417,266.72632,0.86878306
180,320.8168,175.88298,333.61307,205.34175,0.4259448
180,312.584,176.06105,331.2211,201.80919,0.2877996
180,310.96713,180.34492,333.37265,217.98204,0.10841524
181,303.7886,176.64955,332.59152,271.25293,0.99995244
181,317.43332,174.87073,334.03934,267.7502,0.8339667
181,321.03152,176.14987,333.37186,205.83768,0.32818782
181,312.54013,176.05829,330.9399,201.3472,0.25171918
181,310.81158,180.3372,333.3601,219.15791,0.06780006
182,303.54233,176.3525,332.7809,271.27768,0.99995744
182,319.04138,177.89372,333.4735,245.6003,0.55703115
182,321.50546,176.16039,333.6774,206.16835,0.40053007
182,313.39227,176.79988,331.58655,204.07417,0.3741624
182,309.47678,186.24123,332.3759,241.6675,0.14373986
182,303.5912,182.9911,329.18097,220.40028,0.060228467
183,303.6111,176.80817,332.9152,271.33325,0.9999708
183,319.17368,178.12204,333.82138,246.84534,0.5942549
183,320.74802,175.02386,333.23135,205.85211,0.3949786
183,312.08206,175.54707,331.6384,202.52238,0.3509978
183,309.57156,185.39038,332.4448,244.33145,0.14861903
183,355.01358,176.72406,366.81326,195.44388,0.14110315
183,310.95874,179.95775,333.41364,218.10088,0.07357323
183,302.87628,188.71445,326.41986,237.06055,0.053467564
184,303.33112,176.74721,333.17047,271.3371,0.99997115
184,321.91306,176.61081,333.40628,205.97665,0.4335228
184,320.5279,178.48724,334.32855,247.1308,0.4038961
184,305.12787,184.2746,326.94812,241.17929,0.17778504
184,309.60635,175.30481,329.38828,199.40366,0.15793192
184,315.0733,178.31764,334.83026,216.96452,0.051489856
185,303.81625,178.03944,334.15195,271.58182,0.9999498
185,1214.306,171.55748,1239.2628,197.82771,0.099754564
186,304.45572,177.4057,334.6531,270.9358,0.9999584
186,304.51517,181.54623,325.86502,243.75864,0.15697403
186,312.50656,178.06041,330.04282,199.60158,0.0531257
187,305.02234,176.85825,334.42493,270.5765,0.9998697
187,304.59998,182.5052,323.64435,243.45378,0.4339906
187,306.78473,183.54932,334.80762,232.24265,0.053649634
188,304.09464,178.04196,335.33804,270.9694,0.99995553
188,248.95123,185.72284,259.14832,210.725,0.27131835
188,303.92004,182.92865,324.67572,244.78735,0.09950507
189,304.1194,177.684,334.8794,270.11505,0.99995553
190,303.39572,177.12296,335.53256,270.63242,0.99991596
191,303.0725,177.19952,335.44495,270.83545,0.9999081
192,301.22424,176.88268,337.19122,271.25528,0.9998559
193,301.51978,177.40518,334.86224,271.4125,0.9997274
193,1217.8416,165.83183,1239.1904,191.20186,0.0624118
194,303.062,177.79495,334.00592,271.87973,0.999754
194,1217.2721,166.2867,1238.9325,190.0175,0.06403488
195,302.08038,176.93042,332.84125,272.53873,0.99978906
195,1216.4578,165.98393,1238.3411,189.85631,0.19814782
196,300.60928,176.10718,333.03848,272.09015,0.99971694
196,318.94757,179.92662,334.19202,264.40384,0.22803812
196,1216.439,165.00342,1238.4731,190.16876,0.19441566
197,300.05707,177.17563,331.57288,272.20013,0.99984574
197,318.18918,179.15405,333.92148,267.83844,0.5084587
197,1216.8217,165.53307,1238.3383,189.55016,0.21591885
198,298.7279,178.1506,330.26477,273.01212,0.9999194
198,316.16,180.66838,332.3904,266.58716,0.38358402
198,467.94153,183.20717,478.5838,200.25471,0.11147995
199,298.70938,179.51288,328.47256,273.0803,0.999894
199,315.34128,184.96135,330.6135,262.50745,0.11561605
200,297.77652,175.57092,328.1132,273.37228,0.99992573
201,297.2021,176.60347,328.35242,273.48392,0.9998599
201,417.93777,176.34346,427.11295,202.10619,0.10527909
201,311.9983,184.19318,334.1065,267.79208,0.056866642
202,295.19324,178.4961,327.18958,273.03717,0.99990475
203,293.57416,180.01256,326.2605,273.45825,0.9999664
204,293.77942,180.81158,325.89062,273.11673,0.9999696
205,292.54202,179.98814,325.11465,273.03375,0.99993265
206,292.15375,178.1848,325.5985,272.8498,0.9999366
206,314.34766,173.93369,328.98175,204.27731,0.06711178
207,293.12598,176.38007,326.63324,272.3746,0.9999274
207,308.0621,171.50508,320.64914,206.92134,0.20228823
207,303.43478,176.70844,325.64804,199.91122,0.08531514
208,295.5023,182.73541,326.83975,272.54752,0.9996153
208,293.93292,190.0917,321.82135,236.1152,0.5041639
208,307.57248,170.66498,321.20682,201.94617,0.16401751
208,301.9359,205.82016,321.32495,269.72253,0.07069989
208,309.42603,174.11737,329.3896,202.55338,0.070420034
208,310.28833,181.74985,330.2373,213.35995,0.06798786
208,297.66113,178.80547,325.88678,197.83559,0.055179097
209,297.22556,182.23448,327.04965,272.0384,0.9994018
209,294.1586,189.3239,322.13968,236.95287,0.50174475
209,302.19608,205.90184,321.60184,269.903,0.11265134
209,308.15308,168.65373,322.94568,203.73222,0.091901936
210,296.66693,182.63638,326.46613,272.55005,0.9994856
210,298.13214,184.49174,320.74683,241.18266,0.41150397
210,315.211,182.97852,331.33972,254.04947,0.080729894
210,307.72916,169.52112,322.8135,204.23602,0.07251419
211,296.79446,182.76346,326.71207,272.53152,0.9995115
211,294.75574,189.67857,322.7798,241.8189,0.45482045
211,315.20944,182.81876,331.8691,258.9387,0.19742626
211,302.48428,204.27374,322.58383,270.38135,0.18002528
211,303.38425,178.25781,325.88504,202.19894,0.051974
212,297.41748,182.78519,327.0108,272.36887,0.99942625
212,294.8263,189.90189,322.70203,241.96783,0.56334233
212,315.16125,182.92876,331.06238,258.91516,0.10445344
212,307.24493,171.05513,322.59564,203.69716,0.051297758
213,297.12155,182.95708,327.18692,272.2333,0.9993445
213,294.91684,190.18488,323.04062,242.98718,0.5491345
213,315.51688,183.72423,330.93057,257.8547,0.05063096
214,297.18436,183.29425,327.07547,272.5783,0.9995499
215,297.02026,182.8681,327.2055,272.17715,0.9995136
215,307.9149,172.20274,322.97678,204.1288,0.06327814
216,296.8454,182.30258,327.24377,272.11755,0.9995801
217,297.06598,182.51309,327.24805,272.02643,0.99954826
217,294.85892,190.40942,323.06943,243.66171,0.56623054
218,297.28387,183.38171,327.2027,272.12836,0.9994727
218,298.21054,186.6999,321.16776,240.98756,0.25792986
219,296.98315,183.3923,326.76538,271.99463,0.9994165
220,296.74176,183.5448,326.91614,272.05185,0.9992975
220,297.47797,186.61353,320.89417,239.96521,0.29794267
221,296.6599,183.77962,326.9533,271.89096,0.99925095
221,297.7137,186.76085,320.92764,242.63579,0.3551854
221,311.6147,183.7806,330.729,212.45415,0.050934333
222,296.8959,183.5508,326.7385,271.72955,0.9991886
222,294.49292,190.65564,322.3449,244.46298,0.60028034
222,308.59894,169.80208,323.16754,204.23494,0.09714426
222,311.5136,183.31744,330.84497,212.21991,0.065173164
223,296.58826,183.72598,326.92468,271.88226,0.9991295
223,297.82523,186.01639,320.5505,241.75464,0.33554107
223,311.35364,183.48903,331.10785,212.16292,0.0577314
224,296.8332,183.9457,326.80334,271.75684,0.9991301
224,294.60217,191.1691,322.18988,244.85593,0.58099353
224,308.41385,169.92236,323.17276,204.2504,0.05963751
224,311.41705,183.23302,330.83356,212.00395,0.05766242
225,296.74133,183.93327,326.79034,271.71478,0.9991404
225,297.89868,186.12921,320.78748,243.58441,0.37494633
225,315.22144,184.39534,331.57556,259.58453,0.113277316
225,311.487,183.59045,331.10468,211.73581,0.06319177
226,296.96277,183.50708,326.72986,271.9902,0.99921894
226,294.70453,190.31413,322.27533,244.67659,0.51658887
226,311.45712,183.44069,330.65842,211.78111,0.050561678
227,297.0382,183.96097,326.786,271.7713,0.9990773
227,297.84488,186.43648,320.6913,238.4066,0.29523996
227,1216.9503,164.85742,1238.3969,188.28162,0.07042089
227,311.10703,183.46112,330.5615,211.3533,0.069715224
227,315.19504,184.0688,331.42563,259.2915,0.06527228
228,297.0686,183.76932,326.86237,271.78165,0.9991014
228,297.86154,186.64682,320.58383,240.85754,0.29565787
228,315.10522,183.93161,331.0855,258.90918,0.050747648
229,297.09018,183.94803,326.8931,271.98114,0.99922276
229,297.9081,186.62372,320.741,241.07468,0.36028305
229,315.1754,184.17189,330.88232,258.65106,0.05358642
230,297.07257,183.53064,326.84723,271.89835,0.9992489
230,315.26318,183.95102,331.0843,259.00583,0.054805357
230,308.16415,172.83261,323.12234,204.82242,0.051835638
231,297.07315,183.34741,327.0306,271.95505,0.9992168
231,297.92633,186.37267,320.7699,240.33513,0.30489352
231,315.03244,183.46219,331.07925,259.80417,0.09613213
231,311.72754,183.28804,330.79865,211.82222,0.057558686
231,308.0331,173.79346,323.01883,204.34357,0.051302023
232,297.25522,182.76025,326.93625,271.93942,0.99931824
232,297.85196,186.48845,320.83847,238.87871,0.28528705
232,314.9933,183.49954,330.99353,259.08417,0.071718894
232,307.65543,175.08235,322.56918,204.49101,0.06009691
