0,661.04004,174.35175,676.7506,211.749,0.99618524
0,108.371635,166.80495,122.52784,180.44554,0.60457885
0,507.68054,174.40048,533.3262,188.97995,0.17336442
0,176.54227,146.02084,193.40393,180.59491,0.106170155
0,626.05676,175.94879,650.1858,202.84131,0.05144728
1,667.85626,177.33354,680.7211,211.10252,0.99542433
1,89.38703,167.02377,104.3798,181.12256,0.9715647
1,512.3431,173.1606,533.7204,189.81572,0.18486342
1,634.1068,173.53786,651.20996,200.60008,0.097412094
1,259.67795,168.42485,274.76602,188.69984,0.050045274
2,670.16125,175.5921,687.468,211.97672,0.9958116
2,69.4741,168.1385,87.02053,182.184,0.9373806
2,664.0165,179.27803,678.64404,209.43712,0.15249638
2,639.5865,175.72382,652.8747,200.706,0.097696945
2,625.1528,176.15933,650.33905,201.4227,0.055169534
3,674.4221,176.27563,692.82825,215.13593,0.9986921
3,638.7859,175.5112,653.11206,200.39258,0.33709595
3,49.046715,167.9109,64.95538,182.95049,0.1204079
3,639.4138,173.69485,657.5416,192.11777,0.11029652
3,68.15045,157.92706,80.11435,181.25174,0.110151894
4,681.9643,173.32523,696.5976,215.04077,0.99916553
4,25.071384,167.74728,43.754192,184.7106,0.9818926
4,53.987373,164.17838,67.89559,183.33228,0.8723926
4,937.8812,162.53162,959.76086,180.7662,0.7898477
4,908.87885,165.52246,924.81195,184.53888,0.52604
4,674.33527,172.81993,686.6901,209.02635,0.06775098
5,689.01013,173.47684,702.6112,213.86157,0.9991247
5,0.0,167.32645,16.03954,191.74658,0.9586069
5,40.122646,163.53583,53.594532,183.871,0.6056069
5,916.37354,167.78212,929.2417,188.1002,0.49895054
5,674.26636,173.2071,686.5708,204.01854,0.31043887
5,918.41016,168.1035,935.6532,191.57423,0.078573294
5,235.90999,161.84396,251.74095,190.43573,0.06757164
6,692.40967,170.42775,713.4807,215.79686,0.9997465
6,26.071095,165.35983,39.855015,185.43103,0.7782909
6,671.97235,178.9202,685.7341,211.45111,0.1690797
6,777.2904,164.93106,788.46436,186.09161,0.10403573
6,678.2376,174.40105,693.2402,197.799,0.066253826
7,696.33606,172.8464,718.3174,215.2341,0.9994685
7,677.49634,169.34914,688.91614,207.17894,0.1930752
7,9.863697,162.58882,22.789486,184.86607,0.08882377
7,672.88434,177.41362,685.1584,209.86882,0.08405088
7,1195.6401,215.46175,1242.0,367.86823,0.06448268
8,701.5169,171.10849,721.01227,215.85373,0.9944792
8,698.6176,172.44531,712.4545,213.81918,0.45077023
8,676.65936,162.84296,688.51996,202.83145,0.31554368
8,0.0,156.22203,12.183403,181.14351,0.21842848
8,1221.8068,313.01056,1242.0,352.74335,0.16159515
8,710.88306,173.62328,726.0963,212.53548,0.13491109
9,711.709,172.4393,726.80176,214.81754,0.9991566
9,647.57385,172.24437,660.07947,196.4337,0.07166382
10,717.1786,171.10147,733.1145,214.50058,0.99850357
10,36.481194,163.00569,53.20298,184.18571,0.22837122
10,677.00665,163.42583,689.04047,196.89143,0.22689001
10,647.19073,172.84409,661.4621,202.80728,0.19229542
10,721.3484,168.04233,734.7258,204.04913,0.15296507
10,644.02783,170.83818,659.4806,190.62196,0.08068394
11,721.3282,168.77798,739.2575,214.2268,0.9996989
11,646.81757,172.08473,661.66144,200.00758,0.1602079
12,725.2319,169.20871,745.0551,215.54718,0.99897206
12,0.0,161.72145,13.698943,183.61772,0.41860947
12,0.0,167.77306,17.820705,192.08583,0.07122419
12,645.7747,170.8754,661.5236,197.35455,0.06694169
13,732.67316,169.19365,749.1989,216.5006,0.99973875
13,208.43613,170.6635,236.0842,226.85316,0.44352362
13,207.1917,169.59584,225.3383,217.64561,0.3290068
13,0.0,147.25998,13.088158,171.64185,0.1552778
13,0.0,157.77884,15.121444,178.08109,0.056809865
14,737.4868,169.50691,753.99976,217.82948,0.999637
14,546.2787,174.76091,556.77515,196.90923,0.4881199
14,680.1501,167.04659,690.3306,194.74806,0.07293777
14,645.3132,173.44833,662.47394,201.65906,0.055149533
15,742.12024,170.72578,760.8091,220.13652,0.9998056
15,680.00323,167.19559,691.1342,200.03146,0.5982121
15,544.55084,175.48624,556.38885,197.89697,0.38701466
15,648.8082,174.45232,665.2069,206.30424,0.19502287
15,468.21475,179.2408,500.3881,193.66191,0.10406959
15,496.21005,180.20541,518.27747,199.02518,0.057571374
15,768.1756,170.0493,776.7399,205.7661,0.053633235
16,746.55804,168.91705,769.81134,220.21448,0.9998258
16,1218.4596,310.10492,1242.0,363.40497,0.46619952
16,1213.051,333.88467,1242.0,373.70676,0.32825634
16,680.7964,167.95932,692.6575,200.13425,0.29268175
16,199.36581,176.31448,227.88391,218.6083,0.24620923
16,1211.8363,245.60986,1242.0,374.7437,0.14402664
16,767.29895,168.41393,777.06555,208.58177,0.102331966
16,649.2771,175.61815,665.7025,207.45674,0.08991343
16,542.89197,176.00497,555.36584,195.34262,0.06604521
16,163.64792,158.65398,178.72003,207.63841,0.06250621
17,750.1993,167.35378,774.18695,221.68135,0.9998976
17,0.0,146.53064,13.581448,177.90433,0.39398333
17,0.0,158.85396,18.183926,177.50517,0.28136614
17,681.04724,167.03386,692.8827,197.83827,0.10623138
17,690.7222,169.25786,703.7044,197.79436,0.05839346
18,758.4793,169.42142,778.30365,220.93005,0.9996617
18,680.8032,166.87398,692.42053,197.96962,0.19178733
18,544.7339,177.87547,556.2792,197.71718,0.09659004
19,766.2647,167.89552,782.8875,221.97948,0.9997576
19,913.2658,168.48242,932.82733,181.8211,0.7904072
19,544.42303,178.0543,555.39435,195.90642,0.19645756
19,684.065,166.50844,695.79803,196.17558,0.14038515
19,680.50824,165.98306,691.1973,193.1843,0.07246824
20,772.10223,167.9875,791.21454,222.0205,0.99990666
20,916.73956,168.00565,935.76556,183.25864,0.5699551
20,882.86334,173.01111,892.6198,199.37357,0.56076354
20,542.03516,176.96063,554.1804,194.97208,0.3008967
21,778.14136,170.79256,798.9762,223.44518,0.9997578
21,1016.7548,165.34482,1030.68,180.03156,0.37212828
21,923.4511,168.50119,940.794,183.86337,0.33240598
21,778.06757,191.14319,792.42474,222.47372,0.054612264
22,783.2077,170.62428,804.2586,223.30623,0.99979514
22,1020.74396,165.27551,1036.6813,180.76996,0.887916
22,975.24493,166.84909,996.3399,181.28174,0.09290326
22,558.30273,175.0391,674.34546,281.60745,0.088041894
22,989.3225,165.95013,1035.0375,181.9419,0.08568675
22,925.6165,171.38504,942.0578,188.33514,0.08118039
22,1008.113,163.88646,1032.4407,181.27998,0.060440123
23,791.355,168.69873,812.33044,222.76804,0.9992623
23,1027.2362,166.07234,1044.6002,182.44478,0.96981555
23,974.809,170.95956,999.04144,184.22244,0.6833474
23,923.86847,180.70224,938.2642,202.66418,0.48106298
23,988.8267,168.51636,1009.17365,182.74774,0.29697698
23,976.99976,163.73547,992.69434,182.5263,0.20784064
24,797.42755,166.27269,818.3708,225.81667,0.99984133
24,1034.3125,167.15189,1052.4097,182.91647,0.911737
24,932.12537,170.6249,950.2191,200.99968,0.7173056
24,993.33923,170.20801,1011.5332,184.36584,0.5251086
24,1001.5331,172.2443,1020.95337,184.8288,0.2091962
24,935.459,175.7911,954.2948,206.53671,0.13252555
25,804.46185,168.32793,828.4084,226.49681,0.9995493
25,934.8255,169.70992,955.5081,219.08626,0.9294018
25,1040.2128,165.55139,1058.4034,184.69449,0.9219849
25,996.3879,169.59924,1012.44916,187.71182,0.1261962
25,703.7557,175.52913,716.1193,200.6534,0.07011155
26,810.9402,172.12141,834.38635,226.82518,0.99990475
26,940.4351,171.02855,959.1851,208.91283,0.9894968
26,1047.2338,165.09691,1064.8981,186.40773,0.87609065
26,818.64435,169.46802,839.71405,221.93063,0.14358765
26,537.66675,179.39755,550.5652,201.64871,0.12415853
26,990.049,175.63593,1003.4388,200.79468,0.10233802
26,829.1814,173.91798,840.9607,215.25151,0.07951094
27,816.6968,169.71054,841.6,228.32913,0.99988973
27,939.3143,174.60571,963.2247,209.68784,0.9840364
27,536.4215,178.80292,549.85913,204.31296,0.6937037
27,1005.3162,173.0232,1021.1503,204.48523,0.5593854
27,1007.0621,169.54808,1023.46124,192.0742,0.5301724
27,835.3299,171.12172,847.3835,216.99126,0.13304964
27,941.1429,179.53203,959.66705,233.1971,0.07552533
27,952.3973,171.50658,967.3569,206.07133,0.057360027
27,962.4177,171.56277,974.22266,205.2305,0.055590335
27,822.3802,168.77596,834.9382,197.13261,0.05198747
28,825.7818,169.57643,846.5511,228.23631,0.9996075
28,941.6626,172.16354,966.31335,209.305,0.9969079
28,1010.4692,172.58896,1026.2765,207.13943,0.5785766
28,536.0254,181.24336,547.67554,202.03212,0.3764989
28,0.0,235.2629,10.873819,278.65314,0.09353602
29,832.6007,167.238,854.0542,230.1824,0.9997509
29,1068.8527,164.87042,1085.7191,196.4589,0.9918194
29,945.5519,171.91568,968.3744,209.00745,0.9882493
29,1015.4075,172.4176,1027.1932,207.86905,0.8754585
29,1016.3541,174.39963,1037.7618,206.72968,0.7630201
29,535.48126,181.51706,546.90265,202.30646,0.6252347
29,514.3086,175.99237,524.5891,198.86862,0.22392377
29,846.5975,167.83963,856.45026,211.51016,0.09104607
30,837.7504,170.73,860.5302,231.52553,0.99974865
30,949.8426,173.51839,971.2475,210.73726,0.98907465
30,1078.5087,166.76231,1096.7118,224.54134,0.98606735
30,1020.56555,171.95949,1035.2054,211.38567,0.9645626
30,534.76263,183.56525,543.87494,204.42941,0.36283493
30,1073.4447,167.08711,1089.684,228.72023,0.30344352
30,1076.998,165.7844,1092.5249,200.76117,0.29783148
30,1029.6511,177.02626,1052.2456,213.07713,0.061965656
30,717.84424,185.41603,730.2345,211.21623,0.056375038
31,844.28326,173.03857,868.2736,232.76993,0.9997893
31,953.8444,176.1814,973.71185,212.81079,0.9934731
31,1083.9493,166.29378,1102.5804,212.07054,0.94042546
31,1082.6605,168.35065,1110.3414,233.84473,0.6528108
31,533.69073,184.10995,543.5253,201.4747,0.394983
31,1080.7771,167.24599,1100.2512,195.70345,0.18328361
31,0.5239363,191.95221,16.758366,267.0312,0.058983877
32,853.2592,172.95663,875.48956,234.84842,0.9994338
32,952.478,177.80008,979.12756,213.82608,0.9807093
32,1090.5651,167.48972,1109.9574,218.70996,0.9763891
32,1090.6996,167.05896,1105.9369,197.07404,0.96922684
32,1023.5936,177.46924,1034.0619,208.54404,0.08787495
32,1097.9431,168.73776,1113.1099,210.49835,0.06517073
32,0.0,200.23376,17.89255,233.25897,0.058379754
33,861.23157,171.05305,884.25586,235.6811,0.9997842
33,953.14813,177.64168,980.7128,217.73549,0.9931918
33,1098.2131,166.73572,1114.4907,193.15198,0.9732953
33,1028.8047,173.69124,1044.521,211.48509,0.9322442
33,1099.0466,167.35724,1115.5818,232.86157,0.45042014
33,499.05222,182.13153,508.8016,207.82022,0.17469072
33,965.07654,176.72388,982.61597,213.61804,0.13761061
33,948.7733,187.8669,965.97205,228.30956,0.05756059
33,755.1463,182.26729,764.7266,206.17265,0.054530382
34,868.3207,170.75269,892.9252,236.4895,0.99969935
34,963.3481,177.88445,985.087,217.46239,0.99028486
34,1105.8405,166.39688,1122.6688,193.92746,0.9524064
34,1033.439,175.1071,1049.9939,211.88213,0.8444968
34,952.2747,176.4866,981.8593,225.42609,0.59290105
34,1103.8713,168.66754,1123.8228,219.4256,0.35020688
34,952.10223,203.3766,967.3411,229.46196,0.2671638
34,952.745,190.38599,971.6288,228.90018,0.21480437
34,1099.5226,167.77747,1127.3312,242.86743,0.10767874
34,497.49426,182.00412,507.48962,206.66052,0.08293579
34,861.7201,168.16684,878.74866,229.0238,0.050475687
35,876.67487,172.9848,905.59454,237.73755,0.99989796
35,964.7719,179.5098,989.1578,221.71994,0.98346776
35,1035.8676,172.62947,1056.1578,211.34166,0.9794977
35,1115.075,166.89877,1133.3652,226.0162,0.9790639
35,572.7379,181.6375,588.53,202.50911,0.16641968
35,1115.29,181.21478,1147.9873,258.46463,0.06011389
36,884.1721,174.19022,913.79614,238.9939,0.99986327
36,1121.6747,166.15155,1143.8197,230.67508,0.9976145
36,966.8044,179.61217,994.2271,227.92253,0.9727755
36,487.23004,185.43056,497.3296,216.2556,0.6493019
36,1111.1079,164.72058,1124.2556,210.29877,0.172132
36,1121.0128,165.9053,1142.6373,200.5485,0.085632734
36,1110.4697,165.0123,1142.2341,214.06238,0.057298806
36,1082.2357,174.88704,1096.0697,218.62675,0.055413652
37,891.79047,173.7818,923.15265,239.96216,0.9998766
37,1133.8193,166.25897,1152.0073,218.76636,0.989693
37,968.6345,181.71631,996.3192,231.10391,0.98766243
37,482.76733,184.20538,494.2359,217.44022,0.13144079
37,978.566,188.102,998.66376,229.23,0.10751689
37,525.4038,189.6183,536.57434,209.66747,0.096673265
37,1131.5815,169.1237,1154.9573,251.32002,0.08864448
37,1047.9182,175.54149,1063.7131,214.23064,0.0619439
38,909.24744,172.09755,931.2594,240.67216,0.99983466
38,1053.6917,175.77753,1069.1521,214.9331,0.99190813
38,975.38715,180.36008,1000.7465,233.93182,0.9845451
38,476.80896,183.33037,487.75568,219.67747,0.90533334
38,1153.7542,165.16801,1162.9136,206.23424,0.46577844
38,969.05865,201.21883,992.9311,235.82442,0.054112487
39,915.76843,172.10394,944.8434,242.71854,0.9998159
39,976.7653,179.77365,1006.5822,236.64459,0.99671966
39,471.7945,182.57368,483.25067,222.81355,0.98066264
39,1057.1752,175.73767,1073.0521,214.80484,0.51878107
39,518.89606,189.24086,532.862,220.14607,0.1983229
40,925.0452,173.75113,956.54205,243.99008,0.99991214
40,1163.5281,166.13618,1184.1826,236.23668,0.9983039
40,981.1856,179.0653,1010.2153,236.80856,0.9928208
40,1063.3903,178.69626,1078.6503,216.63614,0.976644
40,465.58453,183.25015,478.8316,224.27603,0.78768843
40,520.1707,191.21101,533.1291,216.528,0.13041547
40,588.45135,176.74243,610.5407,189.3327,0.12321547
40,1219.5873,198.70973,1242.0,225.57658,0.11800181
40,1221.1807,193.42226,1242.0,247.44832,0.0662328
41,936.37646,173.14996,969.3572,246.4176,0.999941
41,988.43207,178.31195,1015.3172,238.41373,0.9981913
41,1171.5476,164.68701,1195.8533,237.67819,0.99815744
41,1069.5631,175.9453,1086.0424,215.99965,0.8435422
41,458.49744,180.91223,471.73328,227.14084,0.81429964
41,519.0108,191.31505,530.9981,221.42412,0.79226136
41,981.1868,185.77438,1001.1208,237.23837,0.48708627
41,987.6183,195.40788,1007.8816,235.8409,0.120124914
41,410.6154,197.6092,442.71304,233.0467,0.088139646
42,952.1925,172.73848,981.958,246.85802,0.99992836
42,992.21124,180.34094,1022.0749,239.91992,0.9981668
42,1184.4508,168.85347,1211.265,236.22832,0.9947349
42,1073.3811,175.98425,1090.656,217.1402,0.8965055
42,1177.4456,170.25436,1200.9504,228.85239,0.89341646
42,453.00644,188.4739,464.57718,230.71317,0.5669328
42,996.8577,179.13493,1011.34247,207.11946,0.09553081
42,518.09546,193.81573,530.3251,219.39655,0.06307397
43,969.2956,175.14175,998.9572,245.53317,0.998884
43,1005.02686,178.14565,1030.0093,240.95738,0.9985525
43,1199.6584,169.54893,1232.1414,239.36617,0.9949964
43,1079.6296,176.58755,1097.2253,217.54755,0.9872103
43,443.80267,189.8964,457.7296,234.19,0.9858085
43,992.3306,183.11638,1013.2303,239.89052,0.7111921
43,978.7924,177.02037,1016.7266,241.0619,0.6362844
43,1191.2151,167.73994,1221.0796,228.31508,0.5266584
43,989.17084,194.82808,1006.39655,237.40843,0.18191949
43,1008.97815,180.80637,1025.6814,213.82089,0.08438841
43,1007.5306,178.10263,1027.4475,200.12466,0.05070511
44,1011.03876,176.03204,1039.0751,242.14655,0.99932635
44,983.16864,173.0021,1015.38763,248.90213,0.99921525
44,1217.0605,169.64018,1242.0,239.57436,0.962233
44,434.59937,195.57336,448.17212,234.85556,0.50955915
44,996.9644,182.95662,1024.3466,243.0919,0.4935527
44,1086.974,173.8987,1104.3707,215.5537,0.30647895
44,1010.4038,177.77966,1024.6696,213.4433,0.15803441
44,1020.50726,174.0216,1046.6207,236.53577,0.0829989
44,1200.2999,168.36244,1242.0,221.60149,0.08263181
44,1216.6846,158.5144,1235.7124,194.93552,0.053428467
45,996.67584,171.60876,1031.9816,251.87775,0.9997873
45,1021.7059,175.39697,1049.2129,247.49033,0.9997454
45,1094.1368,176.5941,1112.4757,217.17842,0.9590278
45,1007.96155,176.38055,1041.0531,245.4743,0.8168661
45,426.79172,191.02066,443.68155,236.67578,0.6824414
46,1011.27484,171.49008,1049.919,252.49844,0.99959284
46,1037.3276,176.33124,1059.0562,245.9631,0.9991898
46,1101.9252,173.54958,1119.5001,216.09126,0.95687354
46,1216.8951,177.653,1240.4926,212.46388,0.1006376
46,1037.0468,177.00287,1054.2809,206.7988,0.067393005
47,1033.8483,168.82722,1071.3319,252.93544,0.9995332
47,1110.2666,175.27066,1129.0154,218.1724,0.9894694
47,510.1802,190.4833,521.6343,218.73618,0.70726836
47,968.8304,179.69453,980.39276,217.75435,0.48900762
47,1223.7673,169.4017,1239.9172,220.67944,0.33249235
47,1054.536,181.61804,1072.3368,247.30856,0.12537527
47,1217.1411,175.21428,1242.0,203.96971,0.11531471
47,1037.5725,178.86346,1059.7188,249.26675,0.07367635
47,1220.2482,143.77148,1241.9418,218.61224,0.057378646
48,1054.961,165.6345,1092.65,255.45454,0.99992514
48,1119.6614,174.87231,1137.6865,216.3175,0.48787522
48,1027.4916,181.6547,1056.297,249.31311,0.40852973
48,1042.2072,171.68333,1065.903,243.46077,0.36181903
48,1052.3058,187.24545,1069.4603,247.88129,0.119757846
48,1035.8323,169.56728,1086.1709,242.25731,0.103325374
49,1076.1704,167.87804,1118.8362,258.1141,0.9999175
49,1130.419,173.07956,1150.4089,217.4985,0.9884023
49,1048.2494,174.32983,1087.4786,248.97458,0.98748744
49,1071.0507,173.55075,1088.5443,250.55814,0.8516338
49,1080.064,179.70311,1114.051,233.71947,0.23238805
49,1057.792,170.67664,1109.98,238.67804,0.21064956
49,1096.7307,178.6653,1118.1565,235.0526,0.10660538
49,1044.1752,188.91486,1067.1481,251.91974,0.10171328
50,1140.3938,171.45401,1161.6802,223.1449,0.9908023
50,1076.876,174.53894,1112.5547,254.96494,0.98281914
50,1071.0028,174.53976,1147.1954,255.78918,0.943994
50,1101.8661,170.94972,1120.5294,259.81256,0.8739264
50,1135.6658,173.76936,1150.0754,239.08775,0.75672364
50,1103.9277,168.7867,1150.2212,242.75505,0.7115163
50,1221.468,214.89,1241.092,236.46028,0.49460268
50,1071.4817,174.4039,1097.2905,242.79504,0.35459605
50,1095.0018,168.88297,1128.3011,245.19354,0.3393768
50,1058.5474,179.56053,1105.1245,252.20872,0.18438208
50,1223.8842,184.00902,1239.2389,235.92607,0.1317337
50,1061.2819,176.84494,1131.7972,215.04657,0.099051185
50,1110.661,204.41597,1122.7445,258.47845,0.074504755
51,1129.4426,170.63058,1169.3901,263.3807,0.9998702
51,1084.5745,174.23203,1130.9856,260.1427,0.99760133
51,1157.2728,176.27785,1181.0917,244.59111,0.9973368
51,1157.0234,173.87454,1173.9607,215.66397,0.61653775
51,1078.5961,211.61108,1109.9672,257.86093,0.107266836
51,1087.3628,178.22208,1112.2781,257.5384,0.09442461
51,582.9138,177.46594,607.4241,189.07568,0.07276027
52,1163.7424,167.13861,1208.9729,269.0005,0.9998129
52,1099.7227,175.9566,1156.8313,265.97308,0.9997863
52,1187.22,175.39578,1217.3826,243.9776,0.65000004
52,1195.9429,197.47852,1217.2454,243.4567,0.21668313
52,1184.0996,175.1311,1203.4624,248.18488,0.07787121
53,1125.127,179.709,1187.7642,270.7295,0.9996531
53,1192.5975,165.9453,1242.0,276.3694,0.9980332
53,1182.2689,173.95004,1200.0162,223.57092,0.8302981
53,0.0,177.4998,13.689823,211.65126,0.15229353
53,1215.1582,166.26439,1233.7534,206.39516,0.08141584
53,1207.4896,174.7607,1234.9855,243.3723,0.06546164
54,1151.1299,176.01907,1216.5437,275.71484,0.9997243
54,1203.1239,175.07263,1221.5089,227.55939,0.76506096
54,1195.3656,176.24951,1221.3365,263.04678,0.20746994
55,1179.9626,175.36285,1235.3367,282.1048,0.9965945
55,1216.3806,170.32019,1239.6233,196.34729,0.34034765
55,1213.6107,178.45457,1237.4567,234.85179,0.32245344
55,70.44098,145.69461,82.98352,184.85657,0.08637445
56,1219.3647,193.28246,1242.0,280.10608,0.57823896
56,1223.7645,239.54535,1242.0,282.55078,0.20511304
56,1215.4589,177.16658,1238.0643,218.65889,0.1152024
64,1220.1216,347.87344,1241.1226,375.0,0.3494958
66,0.0,243.50566,12.533915,273.55054,0.34426957
68,432.69376,170.40509,446.9507,192.06519,0.08423112
69,427.7055,174.01053,444.25342,192.02716,0.07973252
69,579.72394,175.0404,638.1706,226.25201,0.058541823
70,581.9752,175.26358,638.0044,226.11221,0.079138786
71,384.4297,168.89514,394.92725,207.65985,0.15178294
74,372.71106,176.81813,384.3545,213.12178,0.16408621
76,1223.9888,244.53502,1242.0,348.33923,0.32859832
76,1219.7104,182.87393,1242.0,321.6881,0.051911753
77,582.76996,176.12758,635.044,224.56563,0.06831155
79,279.20117,166.95987,303.5274,195.5253,0.94380087
80,272.02448,173.09497,291.74463,195.57434,0.069307975
81,267.06427,170.2694,292.14752,192.67729,0.137327
82,581.9942,176.26794,632.9565,223.36111,0.10263222
82,133.34436,240.66742,142.65536,261.77148,0.09694204
85,0.028315544,190.83472,17.134693,242.45172,0.91172343
87,636.4068,175.32474,661.8736,198.31625,0.052010767
88,639.8091,174.45288,663.4945,197.82697,0.07868424
97,804.6037,178.47884,820.87494,203.43794,0.4142777
98,196.69861,159.00693,206.63342,188.73166,0.73845047
103,776.5629,184.22742,793.3073,214.3003,0.273586
105,1216.9686,154.9689,1238.2823,192.70789,0.19183123
105,848.7728,182.05838,858.68445,208.88406,0.10115817
106,856.1172,182.41959,867.7036,203.14163,0.115958475
107,865.42755,181.16718,877.5263,204.5376,0.17702334
108,459.11957,167.13905,470.29413,191.55779,0.0544477
109,880.94666,180.33812,895.8612,205.12587,0.6342465
110,892.3213,178.54918,907.5724,203.22798,0.14759335
110,886.8749,179.2907,901.68274,203.95894,0.052950703
112,905.38934,179.36351,922.75616,207.62758,0.20438425
113,925.3534,178.01526,940.21387,209.35944,0.1568339
115,0.03463459,235.70483,12.9981575,286.78412,0.19631003
118,52.17275,174.08168,69.662,186.74818,0.13077204
120,0.17582989,164.59502,15.294715,195.4421,0.14420319
123,746.1432,168.65907,884.0281,261.6332,0.077388085
124,36.090054,177.77188,58.87534,216.61896,0.21987066
124,1053.5872,195.8582,1067.5493,216.16942,0.05365855
125,1151.5409,178.44554,1179.0094,229.61095,0.9727491
125,26.38847,178.13643,43.6862,213.98012,0.5910935
126,8.882185,177.04245,39.47724,220.85706,0.75370026
126,1217.4568,190.65076,1236.5476,226.10168,0.10015096
126,5.653823,175.01497,31.201042,204.02306,0.08208328
127,1.062789,176.09425,26.03767,216.01256,0.925011
127,1215.6136,165.70865,1242.0,187.55634,0.06021393
129,734.04346,191.50351,750.3076,237.56766,0.08145994
132,409.90088,159.55899,424.7942,182.0452,0.063709326
139,1215.7985,196.85286,1241.8695,229.05351,0.31147933
139,1187.171,184.05624,1242.0,374.17905,0.24953467
139,1218.2323,185.38556,1237.1239,222.97873,0.055026438
140,828.1625,184.7849,845.3518,199.90382,0.17481439
142,1219.1019,186.76355,1242.0,212.91986,0.08571812
143,1223.581,339.3594,1242.0,374.13046,0.06019264
146,160.75833,179.45126,172.73877,204.31479,0.41001222
146,1221.3586,226.49867,1242.0,287.83896,0.07044245
149,1210.8499,237.7582,1242.0,254.68288,0.08171772
159,0.0,178.73207,12.367138,218.94612,0.21403657
160,510.9905,177.26328,525.61444,202.45126,0.14506914
161,510.29626,171.62987,522.777,198.58476,0.27826163
161,284.26282,173.24843,299.86237,192.37984,0.24869703
161,204.43687,164.86774,222.35484,184.12198,0.08802982
162,507.61716,174.80136,520.1028,204.51755,0.7056506
163,498.57404,181.54343,515.9914,202.52118,0.19412994
164,177.6162,163.96771,190.00417,185.10596,0.30609715
165,230.86923,180.4621,253.93213,207.34052,0.09068823
166,159.1919,164.94919,172.23926,185.36142,0.74774337
166,496.12198,173.07573,509.1295,200.35191,0.089238696
166,148.92514,165.78864,161.28906,185.35321,0.06266052
167,495.1003,172.76353,505.92557,208.09529,0.8306872
167,151.03442,165.21762,165.32141,184.39322,0.335747
168,493.26508,172.5829,504.93622,205.15523,0.24239044
168,145.47093,164.95026,156.94048,187.76059,0.11995493
168,0.0,177.01375,14.225033,211.39351,0.109448045
169,483.3778,169.97707,499.7077,196.77504,0.06233902
170,486.48602,169.70273,498.47064,205.2417,0.2809296
170,0.0,159.80208,17.791454,184.79381,0.09549938
170,186.73991,167.89333,204.1473,185.09581,0.052772414
171,0.6660209,156.78697,16.427656,182.65309,0.13828684
171,484.24728,170.7411,496.18124,200.5667,0.057741378
173,269.13895,180.08571,286.65732,223.76537,0.07275157
173,479.30945,174.24896,489.41895,210.37964,0.07261726
174,475.55167,172.61157,487.4703,212.04776,0.10332173
175,474.80377,175.80617,485.62897,214.7292,0.78448236
176,471.47375,177.57301,483.28174,209.1696,0.22146028
177,468.9068,184.4668,480.596,218.17554,0.49552768
177,1223.4414,298.2906,1242.0,370.81177,0.3850708
178,467.43643,185.48904,478.57462,221.33685,0.06437354
179,373.58658,179.13426,386.5231,213.2116,0.33361802
179,464.80133,181.75983,476.9085,223.8103,0.23191392
181,0.07950544,280.1459,15.051535,334.73538,0.0900333
181,461.17233,189.9105,472.62576,220.90453,0.07183948
182,456.6895,183.27896,471.63293,223.46573,0.7480452
182,454.169,173.14893,476.48975,213.41415,0.2699243
182,461.2476,177.53984,475.94595,204.01009,0.07914758
183,455.10477,184.48387,468.72275,225.14336,0.3030075
185,448.06927,178.25548,463.94397,227.54643,0.91125715
185,588.7475,172.78181,608.59784,204.2188,0.34867164
185,448.08643,174.76752,467.28632,207.57642,0.06362512
186,588.43097,173.08887,607.9382,206.00397,0.5010807
186,445.5757,174.83557,460.41653,225.68991,0.18251131
186,278.32495,171.32053,295.0774,197.49515,0.14396852
186,591.0308,170.97028,610.26056,193.564,0.07831451
187,442.93866,175.0251,458.11395,228.18901,0.9666205
187,240.7797,170.8539,258.01987,193.34679,0.33410302
187,236.48322,167.24136,255.36926,186.71155,0.16269097
187,588.90314,174.72952,606.31976,205.58453,0.15914167
187,270.07788,176.19116,283.2649,196.02716,0.119614005
188,440.835,178.26822,456.45627,229.044,0.9407338
188,436.75815,173.21785,461.51035,219.08302,0.42267385
188,0.0,158.24844,14.99525,179.19983,0.27537033
188,238.3298,172.88464,253.64178,197.3992,0.1012987
190,127.155876,163.93513,139.66177,187.15028,0.35993403
191,15.202273,162.83606,31.019932,182.32843,0.236863
191,778.55945,169.11292,795.6144,196.23334,0.13549308
191,119.76469,163.0096,133.9821,185.87672,0.08802155
192,425.7627,178.6028,441.74878,233.06245,0.46126983
192,780.2419,169.5036,797.1431,208.5138,0.2789776
192,591.31616,166.20247,611.9752,189.60362,0.10661221
192,589.55664,169.96162,607.3031,199.86543,0.06009013
193,591.05707,165.2815,611.34247,191.39978,0.64795536
193,0.0,230.44339,14.631977,285.06247,0.5158135
193,420.8152,173.50754,442.4842,233.51123,0.4807252
193,0.7820301,222.3034,23.458715,276.13565,0.30229905
193,589.54175,169.5372,606.1553,203.68375,0.22425649
193,787.94525,171.29083,811.6945,204.60483,0.07188701
193,0.2868023,194.04149,21.933832,262.55353,0.07033113
193,421.7753,173.3873,437.29996,215.13922,0.057546377
194,590.99854,166.34087,610.46204,192.49031,0.60288733
194,588.10547,169.96184,605.3546,205.63509,0.26813272
194,0.0,226.65828,13.947224,264.82254,0.071454465
194,585.7917,165.69461,615.2537,210.9194,0.060105007
194,421.15955,174.16272,434.50958,233.49097,0.05852027
195,0.0,172.32791,16.599735,200.99747,0.48322698
195,0.0,163.10187,16.3095,188.71475,0.16165842
195,613.8956,167.43977,643.6837,175.67064,0.07845714
195,53.78305,167.85687,70.65973,189.9591,0.07482826
196,588.84174,174.95366,603.439,205.05324,0.23464257
196,591.9867,172.59778,610.7532,197.40817,0.10480701
196,45.28785,182.12422,60.507683,200.5847,0.104160495
197,589.6765,173.63795,604.1892,205.07399,0.3003014
197,592.445,172.43336,611.0767,197.77162,0.1908124
198,589.2432,174.42966,604.514,204.21576,0.1787252
198,818.6344,161.25964,834.34143,193.40735,0.101006165
198,592.28125,173.92584,611.48364,197.892,0.09783431
199,589.4203,175.21193,604.5869,204.00856,0.12356819
201,0.0,188.39278,14.265273,211.24532,0.103602625
207,1210.8325,268.52728,1242.0,374.20648,0.051718228
209,172.45744,184.74252,188.09087,200.59418,0.34963542
212,156.24779,185.30325,173.01848,201.46082,0.13306671
218,0.16626358,179.18071,22.08856,197.14815,0.21132845
218,0.0,159.6107,14.028812,183.42998,0.07525843
219,0.0,178.58847,14.647512,205.21606,0.063893035
221,848.7633,168.17862,860.902,196.08008,0.67639005
221,0.0,188.5899,18.304325,282.237,0.24429858
222,0.0,193.85208,14.155464,276.37036,0.83561313
222,0.0,159.51541,25.005234,279.89713,0.05010568
223,330.15845,186.42322,346.97205,204.07849,0.12111014
224,329.9159,186.17339,346.97552,204.19215,0.08636108
226,116.36067,175.503,136.71846,205.44487,0.09869527
226,126.38088,180.16682,144.5606,198.86021,0.06231955
227,117.70135,174.68462,136.37524,202.29857,0.104565494
234,1215.1063,175.02893,1241.3473,198.0354,0.050935622
252,1196.6055,238.29251,1242.0,371.99088,0.06873121
254,1212.9115,259.96655,1242.0,372.10565,0.26641974
254,1203.7441,200.74835,1242.0,375.0,0.072166584
255,1219.7533,290.53503,1242.0,370.6106,0.50810295
255,1210.4729,206.6717,1242.0,368.0921,0.09123878
255,604.3652,176.14018,628.6839,192.31868,0.080407366
255,606.13776,174.87065,621.9495,187.85365,0.07551569
256,598.01886,176.776,624.61676,203.16803,0.08462402
257,607.65607,175.39214,632.1932,188.47783,0.06600925
258,607.53687,176.26357,629.60535,188.2321,0.23054606
260,604.4442,175.4795,626.7677,191.66899,0.1564326
260,544.42163,182.10612,557.04504,200.22859,0.084604196
264,858.97406,175.93016,882.38947,210.92125,0.06877889
264,854.0134,165.82832,867.6848,195.79991,0.053462192
265,853.5147,166.00867,865.9544,198.89792,0.19549215
266,853.3564,164.26537,866.67535,197.32411,0.81772697
266,58.59018,187.79999,80.674194,207.34952,0.42730436
266,117.329895,182.0872,133.61877,202.76332,0.090199284
267,854.0849,163.90407,866.4537,198.56618,0.8825723
268,854.2481,162.01888,867.1922,200.55669,0.831505
268,0.4284439,139.86888,26.770235,225.27434,0.1627362
269,855.34033,161.32797,869.8734,202.38596,0.93756104
270,857.76697,161.28448,871.70483,204.28928,0.98938507
270,0.0,187.30016,17.606686,210.94173,0.4635849
270,217.73903,197.21408,237.07787,225.1796,0.08825923
270,0.0,179.05273,12.802664,202.86603,0.08525571
271,859.7352,164.00746,872.7623,204.41258,0.72018814
271,812.15643,154.94333,824.4062,178.31213,0.08436384
272,861.16797,167.7886,873.5742,201.17471,0.19174328
273,862.3319,165.87938,876.1763,199.17738,0.71044385
273,865.38745,168.36006,880.19934,205.4442,0.24084209
273,856.30695,166.43576,871.02496,191.26416,0.06038293
274,865.503,170.6748,876.70917,196.0474,0.12165002
275,601.918,179.87865,627.01886,200.79707,0.053955015
279,287.7345,223.30583,301.0213,247.37105,0.07412354
282,185.63104,186.88162,200.00693,213.58478,0.82476217
282,173.51683,184.51527,198.81154,214.3867,0.119413815
286,588.54834,184.33258,602.6658,201.83685,0.059551485
287,806.16345,176.613,817.21045,196.06857,0.05282574
290,636.7788,179.72519,657.7865,201.10605,0.06290085
290,640.6324,180.22745,658.6086,227.12827,0.05395169
291,643.28094,178.19218,659.5743,231.65804,0.58993036
291,640.8751,180.51526,659.10425,205.67255,0.3264286
292,642.22125,179.10735,658.7812,227.9983,0.25421035
292,818.4689,176.89526,829.26465,195.50977,0.15821199
292,639.84216,179.68468,660.80896,201.43742,0.15770648
293,326.12814,175.40758,338.5474,210.58675,0.12967458
293,0.0,200.0659,16.939384,237.0511,0.12889561
295,0.0,205.65419,22.98749,226.51497,0.056130778
297,5.2230244,186.48335,25.926893,218.47157,0.31624976
297,591.41925,174.26935,617.7747,194.24368,0.08130624
297,0.5505066,167.91872,28.539145,217.86809,0.06290047
298,0.0,196.13948,10.365611,220.42686,0.416584
300,397.4941,178.55086,411.5925,201.01888,0.25199008
302,394.48416,174.32112,405.1882,200.47905,0.4688505
302,746.57056,166.83694,764.93274,182.20856,0.2497966
302,545.40106,168.23161,555.622,191.56813,0.12433117
302,730.82007,169.11319,748.70105,186.97076,0.113847315
303,380.3018,175.80908,394.6816,204.06812,0.11173723
304,377.1091,169.39078,389.73245,201.77716,0.5159779
304,381.61,175.29279,394.97247,203.50433,0.2784768
304,0.0,223.29248,17.807388,249.6549,0.15084298
304,373.52682,175.72171,386.2325,205.98318,0.11923872
305,366.42938,177.69173,379.12372,212.40645,0.87471956
305,370.49426,175.06787,382.13525,208.8771,0.36720076
305,380.71924,174.32245,393.1806,199.97559,0.17991465
306,887.1874,171.57872,897.8296,201.40788,0.40439516
307,894.5203,170.03122,905.4472,202.38431,0.94458073
307,367.6472,169.11935,386.62845,193.83652,0.10943346
308,901.1092,172.3015,914.28143,197.16127,0.96075416
308,604.53845,172.14384,619.6124,189.8611,0.18927693
309,193.58453,186.02585,209.00323,221.87811,0.2496448
309,605.3053,173.41,621.70447,193.02954,0.19596359
309,911.6746,167.99666,925.6298,191.05428,0.089813456
309,383.53415,173.61482,407.58676,191.82048,0.08206522
309,371.11652,169.5776,389.15662,187.85895,0.08143179
309,357.57022,167.09744,373.0814,188.49057,0.06118789
310,357.0323,167.05905,370.1906,188.04776,0.19401698
310,608.25775,173.24286,640.05255,192.83807,0.060960647
311,352.9029,165.46791,371.1455,201.03288,0.67709255
311,612.97205,173.33302,633.24146,192.08894,0.26499617
312,617.107,173.08742,634.6877,191.35054,0.6848457
312,0.0,212.09084,14.827166,275.932,0.050929196
313,620.5431,171.05415,636.01013,189.90877,0.65831953
313,867.0905,169.71727,879.27997,198.6255,0.22574772
314,626.5325,171.3138,639.2914,193.65706,0.6145511
314,342.4592,173.38046,356.6896,208.6496,0.17275111
314,362.62894,177.9375,379.3409,198.65701,0.083577156
314,338.51505,180.77364,354.40396,213.78542,0.07409645
315,345.19107,168.53014,358.6227,200.55733,0.35794485
315,363.29932,176.60164,379.0417,198.45879,0.078845814
316,342.66318,168.13138,357.9006,198.80682,0.6817724
316,360.17096,174.77997,375.52655,198.8295,0.606273
316,994.4895,167.54776,1008.28735,191.36124,0.49186334
317,1015.41187,169.41748,1032.0588,204.2261,0.70805454
317,640.9853,171.01456,652.5378,194.7297,0.6490241
317,360.179,169.28526,375.29068,201.08272,0.6313764
317,644.6229,170.62979,656.36194,193.62744,0.2829972
317,342.25726,167.1809,356.97388,198.01201,0.20724657
318,1034.1566,165.74042,1050.1371,208.39404,0.9383703
318,360.22638,169.40929,374.08673,199.7054,0.20963766
318,1221.494,140.58484,1242.0,177.80054,0.05426117
319,1052.5266,166.14777,1071.44,208.94171,0.9869445
319,654.49677,172.34773,666.09796,195.9868,0.39281866
319,358.24875,165.61797,372.22086,202.22594,0.12654962
319,343.12012,169.24078,356.51666,199.40167,0.07166573
319,714.25354,170.43419,728.8871,194.14,0.06687338
319,701.5054,169.2266,728.2964,189.53745,0.064676784
320,1074.682,164.94481,1093.0536,208.94319,0.99926883
320,665.9991,172.74478,682.941,191.22183,0.17832208
320,697.3675,168.86108,733.75385,190.80273,0.11665361
320,701.5977,168.16116,728.8848,179.76978,0.08178873
320,361.06192,170.868,374.34213,199.66109,0.05520187
321,1095.1185,165.83237,1114.2843,213.01028,0.99698895
321,341.4402,164.1863,356.0061,204.62056,0.65069807
321,360.2385,168.18872,373.90842,203.26297,0.6261342
321,337.16824,167.7573,352.3434,209.0939,0.19680089
321,724.4787,168.2153,741.2015,185.25546,0.14634667
321,578.3036,175.7914,593.65466,195.98973,0.11374555
321,427.1438,183.04362,442.46198,200.07396,0.065098114
321,98.91366,187.0953,113.529045,202.51025,0.06358651
321,672.42053,172.72896,683.35596,194.58266,0.05425017
322,1121.3302,168.18495,1141.2604,213.22472,0.99383014
322,356.67145,168.03117,373.57733,206.27739,0.83652806
322,338.1272,164.44975,352.81702,207.47716,0.7455177
322,0.0022878647,218.93115,22.424084,241.74405,0.18460803
322,410.3453,181.68205,425.72647,199.90965,0.07840907
322,1114.0068,178.34589,1129.1685,212.36807,0.070574485
323,1145.6613,168.93187,1166.445,214.1505,0.9951061
323,356.36243,171.22372,374.12512,209.64267,0.7106022
323,337.26688,166.00757,351.01108,207.17441,0.28637302
323,328.57803,176.4448,343.74515,201.66388,0.24746464
323,1139.8633,176.32043,1153.4717,215.91605,0.17310011
323,378.662,179.92444,396.2539,199.45523,0.11030867
324,1173.0627,163.75104,1195.8103,217.41406,0.99956995
324,337.16904,166.9636,351.73563,199.04904,0.7436531
324,590.64795,178.62056,605.729,199.70912,0.67488986
324,357.0803,164.80063,372.40793,187.08548,0.3714825
324,1215.6844,186.3496,1241.993,210.89922,0.25910258
324,1164.8394,178.54976,1182.1692,215.10002,0.114154555
324,330.56372,174.92293,348.932,205.27293,0.08875684
324,1217.9395,179.37375,1231.179,212.2315,0.08195428
324,1162.463,181.19867,1176.2897,210.47903,0.07904389
325,1201.6841,162.21748,1223.731,217.24223,0.9830224
325,1209.4603,169.00938,1228.1019,214.88673,0.49941
325,1199.0837,164.33241,1226.593,195.44945,0.21715195
325,1215.2039,162.0898,1233.1724,189.58876,0.17778683
325,1203.2001,155.30836,1237.4926,212.07549,0.13281521
325,1204.0388,165.49773,1237.2268,189.0084,0.06333902
326,598.1742,176.4278,613.0465,199.62314,0.44596347
327,293.52902,159.65349,308.18143,176.32521,0.0968071
327,325.49976,163.8993,337.60638,189.92903,0.067315206
328,11.257065,240.2936,59.56906,295.33533,0.23329604
329,318.9619,156.94566,338.44952,207.14217,0.5268325
329,395.2341,183.3406,411.68436,202.48141,0.16300054
329,609.097,168.24278,622.75287,191.61507,0.13661534
329,311.6914,164.23088,333.34375,201.45381,0.10676129
330,316.4059,158.54129,331.77176,208.54825,0.37259045
331,327.49078,187.46951,344.0619,209.13608,0.35233426
332,292.25314,164.48145,304.7726,189.46304,0.07583488
332,301.56546,165.18561,319.7106,210.93231,0.06760604
333,611.74817,175.46474,629.8236,201.3015,0.27844572
333,284.70157,155.77557,311.34744,216.44937,0.083044626
333,619.57434,175.6166,635.94006,195.11137,0.06955606
334,279.94247,170.63893,302.78055,216.15474,0.29144505
334,286.37717,200.12828,302.6141,217.16557,0.1080659
334,309.209,187.97723,328.4858,214.57275,0.09342804
334,611.15247,181.29677,633.34753,203.57295,0.08504802
335,782.99036,175.15454,795.26013,193.10345,0.11926026
336,611.013,182.01987,632.0505,204.07907,0.46487787
336,262.47107,200.58313,277.26843,220.86533,0.086571775
336,264.47018,196.12753,283.50528,219.75235,0.06763527
337,609.90265,185.1291,630.8587,203.9958,0.5073136
337,257.15366,192.99503,273.129,221.6738,0.27205035
337,233.76624,169.24658,264.6445,223.21573,0.050447088
338,606.4054,183.19429,630.85046,205.21431,0.15872711
338,617.9007,178.03844,636.2121,201.98949,0.055134684
340,603.4365,183.87016,625.24524,205.84828,0.9730603
340,185.42932,170.44713,210.7847,228.28441,0.65200967
340,194.8799,169.09543,217.98299,228.99155,0.083356425
340,617.1208,182.53006,634.6728,206.07584,0.082967766
341,599.47485,182.37964,626.6094,206.74323,0.98501116
342,595.41956,189.3107,619.1199,206.50864,0.17840573
345,813.3291,174.66473,824.8385,196.9317,0.5733832
345,945.1986,168.14957,955.8229,196.38934,0.12178265
346,811.3894,175.95355,823.9581,195.85782,0.13133715
347,562.6396,177.87834,588.774,210.49113,0.7093326
347,936.34875,168.5131,946.15186,197.88902,0.55190885
347,622.9224,171.7507,635.419,194.34927,0.05096185
348,0.0,214.51027,18.634789,240.66447,0.05685038
349,926.47,174.31554,936.5951,200.85298,0.7627671
349,546.933,184.33522,576.8191,214.56117,0.054449696
350,536.7592,183.91623,559.53534,215.5466,0.056041088
351,0.0,197.46054,17.53849,217.07254,0.2135052
351,538.54236,177.49644,556.1366,198.20546,0.1243039
351,0.0,193.83408,32.703667,212.66425,0.05211528
353,520.6403,179.3205,540.49176,198.21228,0.061063606
354,0.095897675,188.56685,15.15925,209.52736,0.22417387
355,505.40433,176.03847,520.90155,199.67891,0.59973675
355,561.3999,171.65802,575.4818,193.96793,0.11265384
355,440.9966,120.692795,452.34042,144.86751,0.058119
356,489.6108,179.15811,511.86972,198.52051,0.12760943
357,0.0,302.92685,10.822509,336.8785,0.37860748
357,489.98453,173.83278,504.88162,196.55946,0.26234633
357,419.92633,112.92171,431.2483,140.90517,0.16277404
358,878.7697,173.03181,889.97833,200.77348,0.33720043
359,872.1289,162.99167,885.1144,198.0683,0.94561625
359,868.0914,152.02719,887.2065,201.95703,0.06513169
360,867.1268,169.31996,880.24567,198.25575,0.8075956
361,863.21564,167.95235,877.1485,197.12758,0.7045357
362,861.6647,172.90224,873.96387,200.89082,0.8408331
363,456.07172,170.73943,469.3825,199.19368,0.050736982
365,855.42255,173.6317,868.54083,201.42046,0.64725685
365,507.43082,175.50308,523.5522,200.90036,0.09325218
366,854.3106,172.10117,866.01385,202.03394,0.9278711
366,1037.8104,167.16211,1048.7765,211.72433,0.22408599
367,412.28604,170.00739,425.80313,196.86307,0.4673622
367,853.62555,172.84502,864.684,199.70238,0.19377187
367,407.71323,165.86218,418.13327,198.909,0.08422076
368,853.32294,173.0098,864.8072,200.44434,0.5976592
369,853.03955,173.7434,864.6177,201.3014,0.9522584
370,851.7162,173.26826,864.6709,200.99287,0.8788887
370,488.16525,171.36191,505.5591,192.65979,0.07418545
371,851.58466,171.42577,864.52716,200.52031,0.94554335
372,851.53986,172.1235,863.9489,200.83698,0.94505346
