0,1,881.9523296898902,157.44109804751406,912.6384427962587,211.30894862468583,4.987975334843546,1.6783079,0.6225227,0.9113128,9.138514,1.1981031,22.940628,1.5861568,0.0
0,1,799.0533312986163,139.6999380082311,832.1711198187393,209.0005368154644,0.3854499564975581,1.8760824,0.6536643,0.70570093,5.6689615,0.97854674,19.875994,-0.04616685,0.0
1,1,884.7401400202122,158.95188150644222,912.7097830056531,215.07159637916155,6.631954524792857,1.7391678,0.6393802,0.76385343,9.119702,1.3083366,22.77593,1.6827337,0.0
2,1,886.1195969588493,156.84781153565672,913.4267405563012,213.51211317058332,9.52543406424236,1.7436016,0.65311915,0.72265136,9.087202,1.2510794,22.612139,1.7352052,0.0
3,1,887.0412931253733,159.87289070683548,910.1581942901809,213.34366017280365,14.73689143433188,1.6512219,0.58152485,0.42803064,9.021736,1.2503543,22.531126,1.6990265,0.0
3,1,799.9296008079237,138.77851535492712,831.1355685175951,209.16854156721863,0.4367085611927584,1.8839525,0.68595225,0.7980363,5.626006,0.97193974,19.740778,0.24393892,0.0
4,1,888.1327396304047,158.48809303050794,910.0760893620079,210.5905850806161,8.297033797597713,1.5895243,0.55735034,0.55386806,8.962635,1.1512542,22.34731,1.8091146,0.0
4,1,799.5158057347226,139.9762920309752,836.6295125891887,211.4876738088643,7.6633262397141655,1.9056106,0.66344464,0.83876026,5.6848307,1.0294967,19.70268,1.3770869,0.0
5,1,886.9021994690106,158.931814276529,912.4876330225635,214.86884434943494,19.79747998817489,1.6963322,0.51570046,0.57659084,8.9218235,1.2741314,22.19889,1.4479442,0.0
6,1,887.2206292431472,157.0598890553426,915.9621140762223,213.15363148878978,13.67071807397114,1.6818681,0.55363196,0.6965231,8.900618,1.2083105,22.006954,1.4757192,0.0
7,1,893.2455887531828,155.48724401485907,916.8516256599064,213.7685231985472,22.74501246064779,1.7373211,0.5499668,0.549176,8.931995,1.2196311,21.823074,1.7294209,0.0
7,1,773.0917124938238,163.98717268344,780.6088966636236,186.8829441843532,0.20244967937469482,1.730003,0.78473324,0.51831543,12.746094,1.0600258,54.967926,0.27912855,0.0
7,1,804.5980964199632,143.0949069181429,833.3873203104185,214.06494751398753,0.20194938778877258,1.8778944,0.6785737,0.87090683,5.675067,1.0904573,19.585596,1.7677691,0.0
8,1,892.4622979944176,154.9068294482964,920.0766613965302,212.5253408457822,22.018360680789378,1.6956137,0.6116949,0.7203393,8.889163,1.1674592,21.635298,1.720203,0.0
9,1,890.1828742232022,156.3187221320315,927.7260297980836,213.14364365043184,18.92990993259521,1.6495414,0.57838136,0.89685833,8.898285,1.1695472,21.46504,1.225095,0.0
10,1,895.1065028546149,156.21450638898477,927.6009025465063,214.26262486841142,15.885516618591808,1.6770037,0.5918621,0.8111474,8.885515,1.1962905,21.264744,1.521735,0.0
11,1,898.2121025942196,157.1575521778957,933.0942403256406,215.8826237567208,16.33520216085938,1.6755581,0.6281109,0.87327147,8.912486,1.2277031,21.033215,1.5399163,0.0
11,1,871.6582748940825,165.11037069998687,895.1857239750329,219.63793343485898,0.34018821533254073,1.7261119,0.65556943,0.65290797,8.816023,1.4809812,23.244656,1.8485732,0.0
12,1,906.7746909002594,156.13818342653752,930.2466589044463,214.05439949767907,9.48771060072586,1.6448457,0.4789133,0.5645652,8.900801,1.1701092,20.798958,1.6813238,0.0
13,1,907.6071678271587,158.41238154388827,938.3664583915657,216.60262967388843,16.98480646490064,1.6315062,0.5543865,0.66502285,8.935726,1.2265999,20.585875,1.4819448,0.0
13,1,840.9453575505082,185.51678307692637,860.8081316593577,236.24712808800717,2.152751376903,1.7838057,0.5248545,0.526866,8.6171,2.240897,25.77565,1.5459917,0.0
14,1,913.1859989092851,156.20105397125494,942.9791587518894,215.66075081925874,19.286573837024626,1.6495426,0.5247568,0.6567314,8.982358,1.1875532,20.361889,1.5052427,0.0
15,1,920.2443341613854,161.3136202972343,951.6188128198489,218.80701990913263,10.474340496283743,1.5696816,0.5428398,0.6756052,9.063263,1.2546067,20.052347,1.512813,0.0
15,1,901.6901651545306,168.29376481343644,936.3991218853239,225.87203555332556,0.22963599860668182,1.6935232,0.56316465,0.8607468,9.300416,1.559395,21.703257,1.3532764,0.0
16,1,928.7079100828163,157.55343575125957,965.2863524966496,217.83112892926712,15.197846400882817,1.615232,0.5189659,0.7811738,9.244736,1.2052301,19.78401,1.2746167,0.0
17,1,940.852927925793,154.933931197135,983.13892069238,220.3435765606162,7.384383274005663,1.7185748,0.5690048,0.8626551,9.500065,1.2477423,19.466352,1.1645054,0.0
18,1,953.5400636911933,151.8252377976137,1000.7087699572626,220.36076862161798,17.894920047400273,1.762987,0.5721232,0.97351116,9.729407,1.2220495,19.120558,1.1678814,0.0
19,1,979.8984361632777,154.27853046756522,1019.5837529231435,219.36429914503645,4.117846238100953,1.640357,0.59036297,0.84984803,10.094732,1.1721992,18.667156,0.5929087,0.0
20,1,1007.2422835667222,154.12019326694667,1044.493146213494,220.55092729085814,13.540842370630932,1.6366755,0.58515,0.7919266,10.522499,1.1751245,18.235817,0.56470925,0.0
21,1,1035.2827814473803,152.18252817335065,1080.4690613352734,222.7333662414773,1.9595842766610747,1.6877496,0.56962055,0.87362885,10.983835,1.1932371,17.699923,0.4228087,0.0
22,1,1088.4662433781214,159.37499324165879,1140.632594901242,227.82336890962677,10.36683681617908,1.6025267,0.6360642,0.8926905,12.122332,1.2869534,17.343876,1.5858905,0.0
24,1,1016.4099681972275,130.91266429113588,1057.5185669758814,220.75314455924808,12.542221239864572,1.8866522,0.66861606,0.99199235,9.308132,1.0058831,15.742198,1.9975519,0.0
26,1,1097.897707879894,129.6183543859589,1167.5889190301157,225.5628497332259,25.24577490803813,1.8798181,0.61551255,0.96480465,10.489635,1.0327121,14.484265,-0.08443986,0.0
27,1,1160.1810917211037,126.38573496171917,1224.3596590911804,228.39213919145863,26.562267898045288,1.8799782,0.6262413,0.9489783,11.1375885,1.0235679,13.794319,-0.47830957,0.0
29,1,1126.4725048074836,132.02482276230646,1162.4915149766819,188.76457595413154,0.48192199103932853,1.8816409,0.6422762,0.88294256,18.093752,0.5276368,24.409275,-0.44990402,0.0
34,1,96.41751375444942,196.64413908010718,133.06982925835058,245.21358280950403,0.7390571435323912,1.5872494,0.5163451,0.87495756,-16.535793,2.3915858,24.121391,0.035542063,0.0
39,1,431.4946573740649,153.87063142759254,459.42862017002335,218.0984089226619,0.17903652787208557,1.8656632,0.7578319,0.63774604,-4.8653655,1.3142416,21.376802,1.266108,0.0
40,1,474.583384524579,154.91896125642782,499.688498608762,217.38823434720013,1.0647246649824151,1.8011836,0.64445966,0.5333099,-3.5706546,1.2840605,21.072166,1.5666517,0.0
43,1,501.2156568739521,175.24432716328198,528.2441409684892,220.05647312872244,4.938554644912828,1.5646156,0.5256125,0.8705126,-3.369008,1.6507545,25.61757,-0.3131562,0.0
46,1,613.213554850379,175.81086293819016,639.1370812460345,223.22656184038374,0.44480746383278924,1.5830574,0.47947,0.857975,0.56546116,1.6840923,24.38884,0.06201733,0.0
46,1,714.7231675405213,153.1192614278376,747.9647688030169,224.1449180011143,0.18347901105880737,1.768968,0.7416181,0.66654223,3.1109512,1.2774537,18.404392,1.8938253,0.0
47,1,754.0116844342114,144.54149422426244,788.2075930775251,220.7201377360195,1.8004756606079915,1.8365335,0.75842977,0.6600735,3.9964767,1.1539686,17.829426,1.8980453,0.0
56,1,904.1735187617295,165.82684330132773,942.5306325207164,233.97946693450177,0.7289813238377835,1.6193008,0.55129623,0.8582791,7.632942,1.4523361,17.577206,1.5546743,0.0
58,1,945.1448650245771,166.85630989860414,989.2315620170178,238.23334127290394,0.5016534888659164,1.5717578,0.5852961,0.6997537,8.065467,1.4396856,16.290073,1.3689039,0.0
64,1,1074.3029248213868,155.88738306875115,1143.0341297293055,252.48344883499763,4.965888570684257,1.5719428,0.5560068,0.7775224,8.427129,1.2958388,12.201458,1.2277904,0.0
65,1,1107.4163408224258,159.00980914686212,1177.2523206041828,260.7146958326173,4.041730395979205,1.5645447,0.51070446,0.7949997,8.477956,1.3515769,11.507057,1.5303004,0.0
73,1,363.54621048143173,163.80354648303972,383.6003280529366,208.07406326876455,3.3972065109747285,1.7066998,0.608764,0.6976488,-9.215763,1.3577901,28.193626,1.4718628,0.0
78,1,268.0450969092728,144.61418111780065,295.9213459860237,203.97462138394278,8.808780322488685,1.7405367,0.584857,0.61983395,-9.750769,0.91250294,21.491863,1.4794478,0.0
114,1,1135.0543721046422,92.97203051454618,1197.0916059044082,199.14843279388546,0.17992232739925385,1.620847,0.5522389,0.6639484,8.777287,0.40140036,11.401596,0.41685522,0.0
127,1,506.611858886506,168.09332035517986,522.0144044157759,188.25031901683684,0.39456512318152626,1.8906605,0.5775156,1.4055085,-8.974498,1.444124,68.01346,-0.06761847,0.0
127,1,373.6722750891415,166.81173932695165,392.71555192562204,213.62737196605062,0.17060056328773499,1.7927995,0.6261998,0.8088813,-8.806403,1.5614116,28.089613,1.371574,0.0
133,1,306.1729204903444,160.95086224100658,333.23232074331065,221.73332621315458,18.14669749365939,1.8414433,0.6995604,0.8409359,-8.973537,1.4808301,22.361166,1.2863806,0.0
133,1,805.977409613896,135.26591372899688,829.1100490198659,196.79657908619987,6.986652417038127,1.7282047,0.50264925,0.44224682,5.909448,0.67247236,20.511786,1.4667119,0.0
142,1,986.4379099113178,154.76230938371873,1014.3493832800609,201.60504787831653,1.6931211626557896,1.835301,0.6937338,0.6869987,15.5351305,1.1264675,28.688934,1.3191606,0.0
146,1,0.0,158.0763748550353,49.59078116069727,272.4879950648476,0.5991377409005917,1.825077,0.6405641,0.77470744,-9.924299,1.5893465,11.969125,1.8433037,0.0
147,1,164.74298109413544,163.5806138182678,195.57141051194992,230.12229549026767,1.5022269948816223,1.8382056,0.63785803,0.69721615,-12.114286,1.5820293,20.371784,1.2063091,0.0
148,1,140.2548167985923,162.41052794810827,174.9839017203708,232.78164518764382,4.86086603703484,1.8415102,0.6363864,0.7982336,-12.117928,1.5682195,19.365273,1.2229576,0.0
151,1,448.3144007340987,173.0387942679633,474.98112618789565,232.6215213726829,2.1012512146279425,1.8818277,0.7060023,1.0416211,-4.7732663,1.8879423,23.333628,1.5089831,0.0
152,1,441.1027827766241,176.84857089492567,471.65843977838324,235.5844538130119,4.87782510606301,1.7673562,0.78572094,0.7994354,-4.7394238,1.8937182,22.303333,1.1694857,0.0
153,1,433.5081259445008,179.39244056308982,466.02374432979,237.22775638069925,2.9593036275194655,1.6657524,0.83640736,0.51615256,-4.716775,1.8625004,21.293875,1.1069506,0.0
154,1,425.61365999985304,180.8553612897716,461.5803938227669,244.52110238961308,16.608445235612276,1.7276646,0.86435497,0.75698644,-4.6569386,1.9577017,20.226997,1.1702986,0.0
155,1,416.2027437712082,182.3995019585292,451.67856859719296,245.20896868704938,21.31913256845772,1.6323473,0.8506212,0.48503262,-4.6896734,1.8923538,19.262314,1.162682,0.0
156,1,405.6502909153468,180.41767785235518,444.14347774576055,245.2881727313193,24.6616608482241,1.594593,0.8528729,0.49002597,-4.6707945,1.79024,18.248436,1.086664,0.0
157,1,397.3525258893978,177.47954940594934,438.7734977155568,248.59743119040579,39.17219715516428,1.652941,0.8216206,0.5791117,-4.591105,1.7668087,17.29648,0.99942136,0.0
158,1,384.27456196768617,178.99593454517114,430.50397756512876,255.06226774728503,50.24042160175746,1.657407,0.8687722,0.63010466,-4.567364,1.8003266,16.295591,1.0276484,0.0
159,1,371.70522787713816,181.1402396285558,420.38722436623823,261.22965033196596,54.88626092085824,1.6261891,0.85103774,0.60654426,-4.509283,1.8067203,15.235455,1.0026138,0.0
160,1,356.46699004085553,182.5719176158901,408.48318536035123,268.5461877199138,72.06341960976395,1.6358973,0.89139104,0.5098322,-4.492215,1.8341275,14.273961,1.044599,0.0
162,1,325.04901996440617,185.61240369472233,380.75568782106234,287.6463697470599,39.93792693092659,1.6715877,0.87765455,0.493388,-4.38142,1.8961835,12.310204,1.1917261,0.0
165,1,245.78432236199794,181.4781128043676,324.9061732635783,311.53084728820613,4.041188119218732,1.6008031,0.8683926,0.50385016,-4.2181935,1.7184346,9.391349,0.9834948,0.0
168,1,107.29483855849439,183.2161696448738,219.45665348231108,375.0,7.827441881188408,1.6570387,0.80652034,0.5169118,-4.006172,1.7566031,6.5292406,1.1385156,0.0
169,1,22.91523147372252,188.43000706736905,165.8865949572953,375.0,12.020090915407915,1.6692071,0.8592739,0.5405978,-3.9344554,1.7991035,5.54972,0.9613837,0.0
174,1,940.3591111092526,136.5637144460856,997.9401008726019,222.28232220110684,11.233663591194617,1.788784,0.57441807,0.93660784,7.64374,1.0314748,15.359354,-0.032417107,0.0
177,1,1146.9959312778078,125.3127499709634,1169.4475548330456,176.68038798650204,0.17526447772979736,1.8214175,0.5183882,0.379281,19.675745,0.1356777,25.879581,-0.22494169,0.0
192,1,838.0066527771625,138.47168921338243,855.3081350196273,176.43784346313558,3.1377795141225504,1.7556386,0.64005804,0.62527347,11.07099,0.16572464,33.703613,1.6538899,0.0
193,1,922.3506703556166,149.35956511829312,967.933521008616,230.30583384976458,3.967452427664769,1.7463777,0.6900101,0.7057483,7.3973923,1.2394962,15.9298115,1.600528,0.0
197,1,869.8123170485144,137.7336666111061,890.7748863348233,184.47551045571302,2.230186761082985,1.8671654,0.6667189,0.63195515,10.943228,0.46423662,29.17873,1.6987787,0.0
205,1,971.9524580766939,149.90147405454496,1018.8765626800805,237.8527658816517,0.24207852019721424,1.6909969,0.5968681,0.7802682,7.635488,1.2496997,14.304387,1.7266562,0.0
210,1,325.35761310976693,148.03816821877626,359.3184671876394,219.512439904333,0.20304641127586365,1.8249544,0.63946164,0.5271406,-6.949189,1.191331,18.773409,1.8889906,0.0
278,1,1099.5536544217318,175.56851317260225,1127.1548575584238,216.64799242966527,5.853160852056246,1.7317035,0.6874839,0.7359762,21.539192,1.8492713,30.859259,1.6409343,0.0
279,1,1080.2748066856973,176.00324154907955,1103.4463723225535,216.6472243554676,7.716106446585961,1.7118025,0.73592174,0.6356285,20.648129,1.8486075,30.90089,2.005434,0.0
280,1,1058.00163362823,176.1316608530352,1083.3946744416614,218.28491850959074,0.8942496480668075,1.7742927,0.8835782,0.6149546,19.759216,1.9169972,30.930317,2.082417,0.0
281,1,1039.1936560139159,175.21937366008126,1061.9525751085052,216.26197456147187,6.071459882358203,1.7256624,0.7560683,0.61778474,18.833023,1.8281391,30.823748,1.9898264,0.0
282,1,1018.7118929474682,172.72771617441995,1044.5050947279958,212.13712168546564,11.96815495759289,1.656836,0.6816173,0.76161957,17.972626,1.6515267,30.738445,1.641122,0.0
283,1,998.8024575474858,171.41735924506463,1028.5848679834041,215.0557881797934,0.9429431453341073,1.8290052,0.95204604,0.6596214,17.166145,1.7687916,30.663836,1.7818819,0.0
287,1,940.0442145343474,171.52135329458875,960.5360712180732,213.22047288003935,4.154544680115315,1.691023,0.67163926,0.7178718,14.02066,1.63698,29.703732,1.8759019,0.0
287,1,1033.2419868638165,187.3100036815874,1054.8241248285476,231.4496956151742,0.9964937750895385,1.5950555,0.5211029,0.8339974,16.169947,2.1428912,26.86558,1.8958347,0.0
288,1,1020.0224278100643,186.70872301221522,1042.2971013052627,231.65599710065223,11.139257641962072,1.6112003,0.49783492,0.8432059,15.549814,2.1314702,26.624771,1.8222721,0.0
288,1,924.8139547577385,171.35500649216686,949.8144954918583,212.46016636897573,8.239316810164842,1.6492436,0.66638434,0.82361686,13.336216,1.5891,29.375305,1.6126091,0.0
289,1,909.7814205070302,169.5685675657404,935.35841641679,214.21831400214478,7.263726132515396,1.7741446,0.6991803,0.76061463,12.59585,1.6435988,29.050896,1.5693719,0.0
290,1,993.5406016043291,184.79856088852682,1023.1944658588803,232.76043069214606,0.21573859453201294,1.6844351,0.5194874,0.8700336,14.351195,2.121214,25.966688,-0.43163434,0.0
290,1,901.0508081245383,168.86618931733824,921.3566600148023,213.59161226000393,0.5519804445791924,1.7459289,0.5909216,0.7885452,11.953713,1.5902581,28.608328,1.756015,0.0
291,1,887.3428797655707,162.70067324676793,916.7872460488525,211.62873428399942,3.4445221628012512,1.8778985,0.6831485,0.82627517,11.429325,1.4882054,28.20585,1.1765268,0.0
292,1,878.9184044758074,164.49194906307605,906.7682717790584,213.4417508172582,2.5765554818506304,1.8499091,0.65015244,0.8228878,10.884131,1.5338906,27.738817,1.3594133,0.0
293,1,871.3054906524113,162.96080426808106,901.2240793712449,214.41315105164392,5.779541353802457,1.9019833,0.6523903,0.84562004,10.419806,1.536272,27.185472,1.1940175,0.0
303,1,1033.7590666176636,174.5316233093346,1057.3963121473855,232.61094793805484,0.3452349603176117,1.9395819,0.6562222,0.7603994,14.866655,1.9979546,24.615139,2.068828,0.0
304,1,584.6488920534727,159.46085058710347,600.5429240624638,201.43207313402837,1.1695755156852836,1.8419774,0.6827241,0.7272029,-0.7491077,1.2541964,32.03227,1.5789654,0.0
306,1,585.4361026352367,156.5566293769575,603.268005909713,199.3306692966714,2.09241497023935,1.7912693,0.6680933,0.7372238,-0.6412264,1.1087762,30.618248,1.6773963,0.0
309,1,1013.1701988324014,133.48033644916524,1075.3523262956778,218.45754593085437,0.8167694790329838,1.8343151,0.71350694,0.9813926,9.620579,0.98439646,15.998985,0.14496732,0.0
310,1,1032.3158762950698,134.00383170190483,1096.7405822490218,220.41661439578812,0.5377549294817079,1.7576755,0.7703879,1.0920212,9.655148,0.96744525,15.313943,0.6522444,0.0
312,1,590.4548040626925,151.7137919339489,611.8631311071741,202.874534386199,15.489545168313244,1.835181,0.6687914,0.66429776,-0.30974513,1.0768629,26.273232,1.3743236,0.0
312,1,1208.9568501993447,147.9076603937125,1242.0,219.7956997500917,1.2832453006502886,1.8207331,0.64066523,0.72844684,16.125202,1.1889085,18.665094,-0.2142947,0.0
313,1,590.8515182295923,150.41631616045206,613.1255018189337,203.11093441716662,10.426890868008828,1.8388233,0.6794026,0.6713016,-0.26405084,1.0558412,25.567131,1.7414355,0.0
314,1,1140.2578547216094,118.36086321075985,1207.1181063490367,229.37439786522813,7.938255876580595,1.8486683,0.63544786,0.7924652,9.730917,0.9412137,12.473266,0.4468866,0.0
314,1,591.2937575618681,151.46490872678476,613.1111537602727,204.85249099270925,0.5328883721662688,1.8153661,0.69244856,0.72269326,-0.25909403,1.0880615,24.928589,1.4719152,0.0
315,1,346.3078013294629,133.26122605880997,374.50484143415684,204.03174817232528,7.8180971400429105,1.8604767,0.6675655,0.7343255,-6.7158446,0.8196275,19.437141,1.1672947,0.0
315,1,590.5760936680379,153.63554208348623,613.2789771947487,205.89237028354646,0.4052501423037884,1.7192428,0.61722535,0.66622585,-0.25916904,1.0869579,24.138407,1.317086,0.0
317,1,588.9041975050535,150.61788133731335,614.5302572086059,209.9594141471444,9.108732208269315,1.8413609,0.6898522,0.72617173,-0.25308335,1.1513766,22.81181,1.3775194,0.0
317,1,326.47633965725186,132.79876178256697,354.72525350104337,208.41008164448132,7.461520851343437,1.8486964,0.5979526,0.67440945,-6.718085,0.8693459,18.043795,1.3134145,0.0
318,1,588.2802976354304,147.19118123608794,611.859104605898,209.0417956150773,8.067856074746397,1.857236,0.70826715,0.83601624,-0.29473832,1.0866387,22.092375,1.5473197,0.0
318,1,302.10270825023173,133.4173312333345,345.92893825810665,211.50230319712247,1.223601024460462,1.8106523,0.7722023,0.93063265,-6.8084917,0.89618564,17.243654,1.4375942,0.0
319,1,295.8414433578606,135.70401826857153,324.7787502714122,213.40816068789536,0.18221038579940796,1.7638023,0.45147544,0.46961996,-6.8856006,0.9205367,16.612753,0.038488172,0.0
321,1,576.1120258210236,150.39105314988106,604.2703018369428,215.340888014805,1.4792772607119602,1.7607788,0.69706446,0.79623485,-0.5436985,1.1518121,20.002731,1.433859,0.0
322,1,571.0883942317796,141.54806910754968,598.5963749122687,212.4384663846699,23.134100147318737,1.8572412,0.70006204,0.76843834,-0.66840595,1.0370642,19.314993,1.4888146,0.0
323,1,559.0291710688098,142.26600368225385,590.2986257769205,211.74439645514013,4.595671715661205,1.7516875,0.69639134,0.8690325,-0.9114047,0.9805036,18.682682,1.3852637,0.0
324,1,1165.1186031508057,126.99048940819254,1242.0,280.42113098766646,0.6238129486502139,1.8888823,0.6823669,0.8971281,7.84861,1.3242573,9.277708,-0.12604943,0.0
325,1,527.0568701193868,139.78026395462837,565.0606403428998,218.56967004860604,0.17812396585941315,1.8350419,0.8212427,0.86048496,-1.5321157,1.0647391,17.306358,1.3765581,0.0
328,1,452.81519723950936,138.9608170874421,499.6796936738153,229.54150860982656,58.72134376009899,1.843044,0.80261546,0.8456148,-2.8210962,1.1534199,15.228891,1.1605799,0.0
332,1,0.0,132.769563586332,31.790585169050367,197.07555707248684,1.8516731267291555,1.641033,0.5720091,0.8062888,-15.6762,0.618113,18.845062,1.4610381,0.0
334,1,123.42348676756818,145.55659723874504,196.90997823477326,255.74491648704125,1.4343048554156734,1.839006,0.63293827,0.8776048,-7.6993003,1.3834214,12.390339,-0.07417511,0.0
336,1,0.0,144.75969171192008,56.08338392842492,269.2090152310183,4.830614882923299,1.7348425,0.62675446,0.88729095,-8.63737,1.3432035,10.591474,1.1483374,0.0
341,1,1211.5152229813962,185.93461625650534,1242.0,249.7912943361885,1.2257309014172915,1.8098302,0.55885273,0.79673994,18.083275,2.19592,20.945473,-0.19573772,0.0
346,1,1190.3574090757807,184.08634192756784,1214.863333459136,239.14131791493784,3.224839866978718,1.7502341,0.48343962,0.5567902,19.25537,2.120529,23.434397,1.9876982,0.0
347,1,1157.093219394224,175.89542933422032,1193.7752324155465,229.703995363604,3.270765080390856,1.7147027,0.58016187,0.799992,18.381474,1.8152897,23.451256,1.6122513,0.0
349,1,1102.954386934475,184.35998620888546,1132.6311693355283,235.27699647759763,10.320521513627366,1.6185417,0.5947286,0.71353114,16.582977,2.0009649,23.55526,1.8581566,0.0
350,1,1078.9337147260642,181.26047639662875,1108.8139452100593,233.883851774008,4.7969450724668885,1.669341,0.6542213,0.65011513,15.719039,1.9471185,23.431093,1.8880975,0.0
350,1,878.7073524870219,172.0408569347216,894.6933988960719,193.50265466657982,0.8036331924865254,1.8682024,0.5965382,1.166404,24.240778,1.7974198,63.119186,-0.021797424,0.0
351,1,1054.4989552321651,185.18143082432186,1080.5264089379064,238.32067887780164,6.41840921779044,1.6848814,0.5234537,0.6116255,14.838448,2.090446,23.38894,1.7580669,0.0
352,1,1031.0862005599492,180.39342757140633,1058.7038094232387,232.99285187115228,16.952687677664258,1.6577617,0.5363789,0.654701,13.989607,1.9038763,23.198051,1.6842266,0.0
353,1,1013.4503086272895,184.43021661554633,1037.9536548466076,236.44792243137036,0.7460548700428123,1.6201688,0.56972283,0.5329211,13.237165,1.9939777,22.961483,1.8658307,0.0
355,1,979.0348651777571,179.73443584781523,1002.344163067844,232.3468914239974,2.586461530090131,1.6018273,0.55045277,0.46679896,11.797588,1.8177345,22.343752,1.8391685,0.0
358,1,936.3075365647576,182.85785745110914,963.0305610792179,237.32934564576644,0.18027035892009735,1.5655508,0.5587748,0.6473984,10.004285,1.8650906,21.23833,1.7406605,0.0
359,1,925.5802274344888,184.44510201635583,954.8369016218606,241.92761650847822,0.5717391976722472,1.6089731,0.5616608,0.73044586,9.499785,1.9485846,20.74767,1.6768684,0.0
383,1,631.4311869829534,176.07857855924846,647.0152237623295,217.72107096119305,0.18065038323402405,1.68018,0.483663,0.41612852,1.211035,1.8132429,29.46722,0.98316675,0.0
389,1,193.12569961775793,177.4170997102309,227.96296392615744,243.98348988874457,3.9503803857565556,1.6351435,0.5754388,0.59993815,-9.999631,1.7516615,18.096613,1.4686145,0.0
406,1,1086.5016357410866,193.11882381665583,1117.4655843899934,253.62835315506848,0.36349624629373517,1.7888019,0.66070163,0.716308,15.071749,2.422383,22.098747,1.9810083,0.0
407,1,442.2256674653997,140.1613774348835,458.0603728808368,180.0451062327612,2.6475198073712924,1.7350183,0.64734113,0.7500667,-7.0240555,0.31282666,31.81282,1.4001414,0.0
409,1,429.450855713675,139.0200722917508,445.5885641586461,182.25992280277075,1.2616863265833889,1.7744249,0.62954533,0.6683932,-7.1485376,0.38598877,29.999397,1.3719076,0.0
412,1,405.7968439233034,141.27901521911977,426.34987960743314,187.97386406181988,2.8904863011756476,1.7425312,0.61381495,0.6026972,-7.2969413,0.56423414,27.227371,1.5711161,0.0
413,1,400.4480742199353,140.29715056631744,421.02393673994595,190.62529995644948,2.885349644001315,1.8155531,0.6745683,0.63274705,-7.2698035,0.6410872,26.401691,1.3868873,0.0
425,1,238.22881687707067,143.42353996463305,290.6502601635878,224.67001246514454,0.5456604769794523,1.7035468,0.69982487,0.8407738,-7.4329524,1.0864594,15.570202,1.6327934,0.0
426,1,374.92078239935273,166.02414179914507,403.1512180189997,226.72202222435192,5.03637923228814,1.8341061,0.68100065,0.6049981,-6.750326,1.6277283,22.106037,1.5682861,0.0
426,1,1182.414323529906,91.79865979191139,1242.0,210.11478911582174,0.2081611156463623,1.7256987,0.687615,0.8206074,9.331125,0.5434668,10.896205,0.071455956,0.0
449,1,0.0,123.63562645211078,52.51912123650068,245.69767330809262,0.7548365399037905,1.8298013,0.62002224,0.58554655,-9.132981,1.091981,11.157409,1.4007273,0.0
465,1,390.81361066829055,158.97564803920577,413.8001588347411,211.52321420933137,0.3853643341892893,1.8256379,0.68238324,0.6820389,-7.3038373,1.3434681,25.449024,1.4456384,0.0
470,1,802.9063724646709,142.20783396169614,845.820693311921,208.46855476178862,2.8051226244900755,1.8122056,0.60843873,0.9877748,5.9722276,0.97404444,20.08626,-0.101022385,0.0
471,1,117.45761628309286,142.69187182512604,166.2653824006209,251.98184031225495,4.280396813805224,1.7125212,0.6501025,0.54951966,-7.5767384,1.2398951,11.710037,-0.38082469,0.0
472,1,73.90897852765492,143.22665829079267,131.03183203580636,262.20221962612595,4.17686646524298,1.7164571,0.64469224,0.58276784,-7.588789,1.2890242,10.821289,-0.4093208,0.0
483,1,1159.7965731745237,101.1552804249022,1242.0,298.04377964757674,1.7676275707873415,1.7545539,0.71069306,0.57457656,5.798071,1.1156173,6.8500667,-0.27579144,0.0
498,1,0.0,170.3099081854614,71.007245076488,313.236485334653,1.60192925328713,1.597289,0.7117858,0.76151985,-6.9519987,1.5688572,8.4716,-0.1475062,0.0
503,1,1172.403402511685,76.84876851981349,1242.0,252.97418895582535,3.201861908628731,1.770039,0.7027356,0.54845977,6.481404,0.8051981,7.6383367,0.14348811,0.0
513,1,1204.940950482687,120.74230183972945,1242.0,246.0309426978559,8.794618186515125,1.6948693,0.47418237,0.46487182,8.69441,0.9899169,10.050822,0.26729858,0.0
517,1,982.1575127380478,167.39609011930725,1024.0162933077663,251.67017273602085,1.095836008559498,1.7549838,0.52437425,0.6535586,8.40712,1.6413243,15.41773,-0.5333477,0.0
543,1,813.7207424617308,147.60326442741118,836.8705735361524,203.2009648366775,1.2826576834511658,1.8245583,0.71193874,0.88127315,7.243703,0.99590087,24.210583,1.8985275,0.0
549,1,827.4305708403184,148.08458002613563,853.8358073558783,211.38239303709472,0.8815272454555919,1.8574755,0.64212286,0.89374393,6.959158,1.1306163,21.715117,2.0160394,0.0
551,1,826.20997787259,147.82062133442787,859.5654862518396,213.0954622916831,3.817223726354569,1.8527677,0.7379192,0.931587,6.7724266,1.1422176,20.978462,1.6644692,0.0
552,1,820.3011307984318,145.8268147897454,867.2781678165878,212.94593399254038,3.855889964067276,1.8612921,0.70210993,1.0610714,6.6536,1.1117964,20.512352,-0.32802665,0.0
553,1,814.8870527769626,152.06041772086107,855.7512956155963,219.50437898427978,0.22087717056274414,1.8433845,0.67969024,0.93466055,6.332867,1.2750523,20.270782,1.2556723,0.0
554,1,824.4354701266972,144.2972681852246,853.5793923523507,214.17577557627502,5.784034693943436,1.8733178,0.748872,1.0419724,6.340148,1.1077628,19.952225,1.8743393,0.0
555,1,812.65630270882,151.60926818018305,846.1928202961034,222.47197960845196,0.17892159521579742,1.8840145,0.61379135,0.91569155,5.97722,1.3191844,19.64984,1.5421692,0.0
557,1,816.5257071394167,145.43139601112034,851.8520627273379,218.33317664785233,1.082972044152811,1.8824043,0.6719379,0.788772,5.91613,1.1743224,19.033669,1.5454643,0.0
558,1,808.2753771604631,146.56361917602817,858.3273782524815,220.5066931124303,12.850996833445233,1.8564374,0.7512407,0.979777,5.770056,1.196383,18.629574,-0.33096433,0.0
559,1,803.9884017354975,144.60075051322656,855.5492179696117,220.68945022864972,42.44796557442938,1.884611,0.6842173,1.0746922,5.614363,1.1848173,18.406233,-0.42936566,0.0
560,1,800.0680141837571,145.21582426336494,846.8454903617755,221.40831816643652,17.11160388212432,1.8600605,0.6600969,0.92598975,5.368477,1.1853393,18.118654,-0.47024265,0.0
561,1,798.5382510864733,144.8973707658849,830.7398349560264,222.73835884499348,12.989794300973994,1.8654007,0.6858847,0.9422612,5.081561,1.195441,17.853672,1.936168,0.0
562,1,1065.4806967261575,155.18172140444648,1114.9537372450814,226.5973041756604,3.2975304859815133,1.8280333,0.70373815,0.87208885,12.57259,1.3756738,18.895214,0.18459307,0.0
563,1,781.3427255866909,148.97383856348907,811.9899683239553,226.87909413850397,1.3927212802936577,1.8352647,0.64177173,0.85833573,4.5209103,1.2727041,17.47282,1.731919,0.0
564,1,773.0854261361831,148.50821405154215,802.8218665482195,228.934864803572,3.4463452228191582,1.8624182,0.63164216,0.8751801,4.241227,1.2986493,17.194689,1.7472534,0.0
565,1,765.484043038704,142.13682238634686,797.0187186880138,225.82481588645456,8.06860424878576,1.8935629,0.6545353,0.88361603,4.0155206,1.1985419,16.84561,1.8762028,0.0
566,1,752.1110999070239,143.36425916910403,784.8105386879699,225.16499255212548,2.3791940378106267,1.8453913,0.6247823,0.7739277,3.6647341,1.1801146,16.682428,1.6302115,0.0
566,1,1033.8022746738513,152.7605492246602,1084.5424568934804,224.40515578834766,0.41631760167101584,1.7832522,0.91239184,0.71807784,11.45547,1.2831211,18.409088,1.7905035,0.0
566,1,1088.6950224934021,140.8291591271637,1147.2411229272832,219.34720019319332,1.6657159824686811,1.8510072,0.72951955,0.9348284,12.385536,1.0960442,17.592033,1.097544,0.0
567,1,1033.940630280607,152.55324046012382,1073.508065185783,226.0571356905677,0.6609438609048794,1.7994957,0.83373034,0.66203004,11.200031,1.3024998,18.19199,0.80464065,0.0
569,1,1075.004880057977,131.20845701545457,1128.094190787893,211.0107602830266,10.239572221430201,1.8511696,0.627309,0.8463909,11.647083,0.88512015,17.10086,0.12348118,0.0
570,1,1067.0426991234451,129.6351443500069,1118.1545975201136,211.40849804655247,1.7976892849868387,1.8768764,0.63997674,0.90481114,11.387959,0.8849095,17.03584,0.4141124,0.0
572,1,1058.4351773369035,131.36710558293532,1115.1293275811925,214.9129561216505,22.503799346340166,1.8866837,0.6159157,0.9480145,11.037519,0.9498011,16.71307,0.25840893,0.0
574,1,1053.6602730317973,130.49857658461323,1113.9102147060466,217.02612973599176,2.3500788624484823,1.900412,0.680063,0.9201595,10.763807,0.97015613,16.397045,1.2141088,0.0
577,1,648.3267466259233,169.46552682043503,671.8368611425262,220.32857767292995,2.4302082783824113,1.6907309,0.53834313,0.7676977,1.7064329,1.5780951,24.434746,1.24187,0.0
578,1,1071.295009351337,128.19225621985314,1135.290995463015,219.16587021503702,0.5190935876816999,1.9082628,0.678299,0.92713416,10.7117405,0.9714379,15.67649,1.2791232,0.0
579,1,1018.5674211509701,148.30677903617297,1059.1780602507488,231.09418609566816,2.296982030772735,1.8099492,0.7413388,0.8113927,9.68666,1.2732826,16.305252,2.0475154,0.0
580,1,1090.5243331066156,137.0061059413013,1148.7358883644283,226.12975503499263,1.6161060205299222,1.8376176,0.6164456,0.8605895,10.798984,1.098479,15.300201,0.30433494,0.0
581,1,1113.868475515768,136.21935999016637,1164.9487576628726,230.48303367333406,1.477150198939316,1.89691,0.65518355,0.87869143,11.031887,1.1596947,15.048476,1.9447451,0.0
582,1,844.8806566516305,163.06175097424855,883.2914123466668,222.09708863074766,4.315921936819667,1.7977715,0.63012326,0.9729564,7.9454083,1.4995732,22.546911,1.1311662,0.0
583,1,855.1440653750758,161.46036538164978,888.2810534676137,221.2601358076781,0.3436157583237329,1.816284,0.622688,0.9527981,8.117228,1.4702277,22.365162,0.33330345,0.0
584,1,1157.6580683352263,127.66249444596478,1224.2713591605557,225.21679605518375,1.2012408873471967,1.8617641,0.65309775,0.8599565,11.441413,0.9993118,14.20961,-0.3015079,0.0
586,1,1129.3396646530787,145.14256643153564,1187.3269770373481,236.47756835116016,0.173483744263649,1.7513597,0.78116184,0.81835324,10.912246,1.2199895,14.376175,2.0341444,0.0
588,1,1177.572077331926,142.94456629491188,1242.0,243.45212137487067,0.6105446556670308,1.8488586,0.9809116,0.6594533,11.481653,1.2986679,13.629698,1.6272032,0.0
590,1,785.2537146116908,182.30054331706378,808.5340340391533,239.17729943989698,0.40038437033188146,1.668884,0.5196849,0.7491832,5.622304,1.9576876,21.678516,1.5944735,0.0
591,1,1018.37179083804,157.95302976029254,1067.3860034843733,226.07139432535214,2.1748189514382568,1.7909453,0.5802412,0.9800792,11.600788,1.3991739,19.329113,-0.14681,0.0
591,1,743.0038805081751,168.99958485680915,777.7347146826174,231.98159077812892,0.17186160385608673,1.753827,0.682516,0.92071354,4.2966614,1.646495,20.602789,1.4044588,0.0
592,1,841.3844193255428,182.17930394568864,864.3185891864273,240.0255683016791,2.210615824155266,1.630727,0.5097677,0.6978041,7.0226874,1.905069,20.845348,1.7136848,0.0
592,1,1056.2293526606566,155.90364359074232,1110.1083443307634,228.51532072131914,2.2779641323047453,1.8490224,0.6354368,0.9905388,12.289952,1.4173894,18.738773,-0.09908359,0.0
593,1,873.9571688450588,174.81608053693373,901.591281564458,237.9127156966779,5.118112421507744,1.7493883,0.5226152,0.627131,7.8400464,1.8055981,20.347898,1.534669,0.0
593,1,1103.4661247125543,150.86590667020104,1158.3134276863518,227.35932311983387,5.899163944966165,1.8656437,0.5949306,1.0273001,13.012667,1.3293629,18.018076,-0.26129514,0.0
603,1,822.7738275509021,175.6768685437654,848.3578392685992,247.3981394736948,0.2034498006105423,1.640915,0.49881265,0.5543777,5.271541,1.7080581,16.84748,1.7369094,0.0
604,1,71.01505542213158,179.48406990951534,89.73993119469546,212.13764473420235,1.7288835821180075,1.8327998,0.6933857,0.6224755,-30.17701,2.2151458,41.14822,0.5985327,0.0
605,1,124.06728357422313,181.32780330921153,145.85864190069637,211.6063438222803,0.37019182133107903,1.7515208,0.5815317,0.90903383,-27.817608,2.2525194,42.29989,-0.1607615,0.0
606,1,1061.70433939617,124.7743787552122,1110.0499219005594,219.3956324738673,6.145151601622555,1.7551024,0.57609725,0.69328874,9.090243,0.86328727,13.790785,1.8210912,0.0
606,1,177.07653495704673,182.36762538512792,195.9077202928085,211.11162235306023,5.288842856106156,1.69004,0.7242326,0.7853166,-25.385197,2.267817,43.29554,0.6362114,0.0
607,1,229.1360899268458,179.21075571296183,243.30333751124306,208.46315218407165,2.1655110559944872,1.7697313,0.56100965,0.5873293,-22.881119,2.162836,44.222588,0.6041953,0.0
607,1,818.8042601885886,156.5425694169896,856.8406843900167,241.51620821173123,0.386792435543464,1.7072767,0.5533764,0.53814363,4.6814213,1.37955,14.815363,1.3723323,0.0
608,1,274.9881093263188,180.31007130205725,289.6545747171346,209.02449540573016,3.001224230214959,1.7596391,0.761075,0.7563247,-20.379454,2.2290566,44.946087,1.2439103,0.0
609,1,317.846588181886,180.9434370417288,333.16345437728745,209.13457637840963,1.3743661999308188,1.7461306,0.7676226,0.6954103,-17.90618,2.261682,45.482174,0.98060447,0.0
611,1,398.7027288648405,184.6837870751435,414.26188332349363,212.73204698788953,5.314441517038652,1.7612687,0.8268782,0.651398,-13.005844,2.5268369,46.20707,1.0538641,0.0
611,1,853.3843782863515,156.81879221619602,889.5457675339951,237.51634180674435,8.5356754323271,1.7112087,0.55402994,0.8115287,5.6989737,1.3711786,15.7300625,1.6636516,0.0
613,1,468.5097349648422,178.68105972557214,483.780018909664,207.69507975336455,8.100814687285492,1.8291154,0.79492414,0.6611819,-8.53631,2.2057822,46.160675,1.0730028,0.0
614,1,1035.1416467812319,157.92468168860202,1079.2322678067806,253.3228907186799,0.9203838296109229,1.6488916,0.49770415,0.5717772,7.9315968,1.3908486,12.801314,1.7729839,0.0
615,1,533.2825780576129,174.69447284413306,548.3401471600617,202.81958122906025,6.0649128037283395,1.7594641,0.727752,0.7426872,-4.3559384,1.8772967,45.69915,1.1003827,0.0
616,1,564.9184237767084,174.6940111493469,578.6987707990477,202.82284425445798,3.7127489062522216,1.7468033,0.74837375,0.7080098,-2.3722882,1.8634102,45.295017,1.3370088,0.0
618,1,630.750536025527,168.84422141543772,643.086096744878,198.67472486558455,5.599355222995863,1.8140912,0.6730262,0.7548902,1.6760758,1.5702431,44.281925,1.4917498,0.0
619,1,659.8468894304557,168.35339902476997,673.8842242808745,198.1472206519417,14.678872554098648,1.7839355,0.6962392,0.6333704,3.4591532,1.5144572,43.58327,1.3674512,0.0
620,1,687.1479902319146,168.1465434885673,700.6937927594894,198.5263110451452,14.554893844438523,1.7886448,0.6164127,0.5933356,5.0084295,1.5114875,42.852615,1.2863967,0.0
621,1,712.5262685989954,169.55957953532302,724.2396530486558,199.26579319936303,10.804471992578497,1.7227058,0.47430587,0.52297944,6.3598228,1.5316575,42.175835,1.1739547,0.0
622,1,732.4837377064807,168.1860327430261,744.8611887425826,198.93466775621343,8.571264946405593,1.7492175,0.5026471,0.5275433,7.4031677,1.4836676,41.379795,1.2258928,0.0
623,1,749.1427690280643,167.93895505369937,761.5841567625762,199.2849335784417,17.37866816464898,1.7520088,0.4789962,0.5277566,8.215104,1.4772938,40.66076,1.2046881,0.0
624,1,762.5302605885322,166.75904113468695,776.9708127933835,199.3215242584832,16.20246471836051,1.783787,0.5756884,0.589739,8.852304,1.4499023,39.882507,1.3235084,0.0
625,1,774.9752005989135,166.6406510449847,788.4628255261971,199.6896508537831,19.19846022101386,1.7771438,0.53130805,0.5304677,9.33148,1.4430332,39.11694,1.3464221,0.0
626,1,784.0076026971118,166.41512479583528,796.9770360684864,199.73052871202304,18.65853388543091,1.7607491,0.50364476,0.5131757,9.635098,1.4204485,38.431,1.3929956,0.0
627,1,789.5808055060471,166.07301219088833,804.9753212639662,200.45456351891391,27.79335562170811,1.7795901,0.5527216,0.57907474,9.80843,1.4286058,37.708538,1.2510823,0.0
628,1,797.6374484439067,165.9474252412956,811.164336041631,199.97396725554606,23.186601191402104,1.7350115,0.4750272,0.5267403,10.017683,1.3828454,37.10437,1.3252747,0.0
629,1,802.9405242136295,166.6197226070577,817.1785885148626,201.39690718353575,24.526301302241762,1.7398952,0.4726412,0.55504394,10.121128,1.4279954,36.429962,1.2937162,0.0
630,1,806.798041219315,167.13108396986976,821.987145938795,203.1984326261126,21.584142315197735,1.7719977,0.50433147,0.5966082,10.158751,1.4908292,35.793686,1.3605599,0.0
631,1,811.9406484469017,165.72650032660775,827.4501927573496,202.25168954291337,20.64313833087933,1.7582825,0.48947638,0.5706779,10.214269,1.4151723,35.079742,1.2654902,0.0
632,1,818.0762742497918,166.28888055640812,833.443950216079,203.62624525011933,28.075594948853904,1.7642524,0.47529063,0.55377585,10.313878,1.4540395,34.427975,1.2751116,0.0
634,1,829.61076950899,163.6078409695505,846.8761389381798,202.57952850323386,27.802895597267725,1.7715749,0.55562794,0.5582369,10.49673,1.3512628,33.127293,1.3759172,0.0
635,1,834.1859761587962,162.4689453436917,852.0398594979279,202.68629125847843,30.84700066196823,1.7888491,0.57548237,0.5581888,10.488314,1.3269265,32.411438,1.425678,0.0
636,1,841.0221042965444,164.07780172217412,858.6742925650329,204.6509890706624,30.951948796597293,1.7706866,0.539707,0.5707511,10.590574,1.3876774,31.810257,1.4271905,0.0
637,1,843.7548291308316,165.92978011313485,864.9797634392282,207.70420724374338,32.44547847528812,1.7847344,0.6597087,0.61873686,10.57505,1.4889098,31.17973,1.4272335,0.0
638,1,848.9988212038527,165.85883808345304,869.4347403099686,208.43016776291688,35.412894082299495,1.7819275,0.64793503,0.69793075,10.570846,1.4891276,30.565817,1.618722,0.0
639,1,855.9350811071902,164.43003167440568,875.1079726897611,208.37669400834773,38.96653347357934,1.8007289,0.54579043,0.60138977,10.599838,1.4555539,29.890373,1.4761944,0.0
640,1,861.190272084964,164.5734189306699,880.8155609847914,208.14551894292282,32.15073287243603,1.7489772,0.5640849,0.67534,10.614416,1.4165958,29.306824,1.5950629,0.0
640,1,0.0,180.30273952939052,51.77507317677686,309.1110940037075,2.5500435591700965,1.7797765,0.69920987,0.4722682,-8.5587845,1.8909781,10.392649,0.14000687,0.0
641,1,865.7084156183862,165.20567510702958,885.5447716452302,209.20624094848841,26.744761112970767,1.7273369,0.549096,0.5617496,10.554338,1.4270853,28.631353,1.4750395,0.0
642,1,872.4988725465565,163.45381871548275,891.2211778789065,209.65483204039228,41.55927060617782,1.7759442,0.48523414,0.55484515,10.576924,1.4146057,28.035234,1.4734986,0.0
643,1,877.9118543261551,162.817432306508,897.7496686311008,209.91763497251796,46.46279372769566,1.7676682,0.49007824,0.55162704,10.5608635,1.3909962,27.391808,1.404689,0.0
644,1,884.0165114671101,162.84863756678192,905.0742990756164,210.896373483449,46.79154466388236,1.7613109,0.50894856,0.5442495,10.570612,1.394539,26.77081,1.3511947,0.0
645,1,888.373589672084,160.8597567680416,912.9698248482376,210.03806717789092,35.448569991183994,1.7592387,0.6228227,0.73252296,10.561292,1.3301727,26.192848,1.6213453,0.0
646,1,892.760268818261,159.28828309190874,919.6493253867322,211.88555456608972,37.12109793030253,1.838067,0.6633862,0.77702343,10.525754,1.3639987,25.620417,1.6237426,0.0
647,1,900.2738009248117,160.29111052746305,925.5500184677618,213.4121250499826,41.50862711098106,1.8116605,0.5904335,0.6057128,10.47869,1.3832105,24.935509,1.4818051,0.0
648,1,905.3191942601968,160.26105434332885,932.9112894942401,214.74263655976006,47.82203946060485,1.8126711,0.65514,0.6570439,10.436144,1.3936877,24.340277,1.5870585,0.0
649,1,910.2441865387219,160.57310021288404,939.4741682834623,214.90236887752843,46.478236919909165,1.7567482,0.7009749,0.76370126,10.372894,1.3596426,23.757269,1.7079903,0.0
650,1,918.7908603520315,158.2743133095067,946.6669459799855,215.30016081434687,42.415004846057265,1.7992464,0.66807103,0.6082592,10.34416,1.3392365,23.110174,1.7000059,0.0
651,1,923.7314186951919,157.84343130029686,956.3476776755414,215.22375802768894,48.868334159365816,1.765728,0.6809383,0.77102876,10.3414,1.3038173,22.59785,1.5973959,0.0
652,1,930.1397612779597,157.27929994163452,963.7123791655773,216.59337703148083,39.66151602582418,1.7788677,0.691612,0.6802619,10.275732,1.3117722,21.993269,1.5302045,0.0
653,1,936.0477000277089,157.4372502622864,971.0306758402573,217.053134375666,42.31864194050095,1.7441655,0.72048473,0.6712234,10.215923,1.2931218,21.44619,1.572873,0.0
654,1,944.7428416321758,156.2106413368766,978.598238109368,219.2640416278462,43.0072964694282,1.795371,0.65718096,0.62239975,10.181899,1.321471,20.87832,1.5009056,0.0
655,1,950.9331441623027,156.39560312162288,987.6837526890289,219.51530726876652,44.21157440979393,1.7457774,0.7268817,0.7089425,10.135375,1.2905676,20.34822,1.679432,0.0
656,1,958.5183614098689,154.58436557799118,998.3271605204993,220.44302423501318,45.015152019827575,1.7692916,0.7131218,0.7506728,10.0938015,1.2784781,19.765156,1.5869826,0.0
657,1,966.4225584664608,155.25837295997962,1008.4985875942924,222.71403630189627,45.62840952528215,1.759058,0.7556457,0.77552736,10.062848,1.3002124,19.236723,1.6632987,0.0
658,1,977.7656592970093,156.50888869334594,1019.844177601827,226.54245106024624,50.79755306836927,1.7656734,0.72958374,0.76155937,10.029622,1.3535833,18.614616,1.6959553,0.0
659,1,987.9766247135532,157.60306401162453,1032.8730743560682,230.68787867143342,56.362709109554544,1.7861816,0.7188612,0.74725026,9.999459,1.413451,18.02013,1.6054672,0.0
660,1,1000.4464007617058,155.3052731686149,1046.1559144770188,231.45163344329205,60.24301044722519,1.8003137,0.689275,0.6888938,9.984584,1.3854125,17.429893,1.4913357,0.0
661,1,1018.8522668219802,153.73835421408853,1064.7869711298504,230.11839724025577,56.560605908493514,1.7388585,0.65979576,0.6738068,10.03498,1.303674,16.76823,1.5558591,0.0
662,1,1037.3117441810793,151.09559943640326,1079.7406076907168,231.90166477779286,41.256177073324125,1.7694241,0.55649173,0.63140994,10.019205,1.2929766,16.116926,1.5765212,0.0
663,1,1053.7726091365462,148.1509570571874,1101.9209044553213,233.5641992155824,59.24078353897721,1.7959613,0.6060867,0.6517439,10.051746,1.276537,15.504141,1.5484519,0.0
664,1,1069.531975008408,149.85962702422916,1129.2993887480902,235.89220057430936,52.91741202349585,1.7246686,0.68061876,0.79398465,10.082832,1.2637074,14.874941,1.5301423,0.0
665,1,1100.3748093511467,147.6874258526132,1153.5387243143655,237.75767092988667,53.37487301172868,1.7269957,0.6087433,0.59281206,10.139442,1.2444549,14.153942,1.4926336,0.0
666,1,1121.9891582790938,144.01851334523013,1189.077394626357,240.55277860346146,45.503198200261586,1.7537724,0.7025208,0.7189311,10.186587,1.2299078,13.483289,1.5259367,0.0
667,1,1153.984013914795,140.56615456129177,1228.488194042992,243.95268234323325,73.64298349462075,1.7780594,0.7011961,0.7690441,10.294056,1.2227674,12.793842,1.5713382,0.0
668,1,1194.6394071766365,137.604894614806,1242.0,246.55790655150588,56.214686817613284,1.7455875,0.58441406,0.8432972,10.324346,1.1808449,12.047485,1.8594856,0.0
674,1,720.8601345494016,175.18625977044715,737.5645902293005,229.45044292164363,2.5643691279126175,1.5334276,0.4454,0.46332508,3.4239864,1.6010449,20.665209,0.14470503,0.0
675,1,726.8084306824187,177.81701393326549,745.2562822457082,232.9781551931745,0.8972573090626909,1.5182017,0.41813898,0.41637072,3.5248501,1.6581621,20.123571,-0.07616689,0.0
677,1,391.44045858232005,166.1026492699566,407.37053884291754,183.7714779495644,0.7491863702927848,1.8560213,0.66891533,1.5051167,-22.182566,1.1468256,76.17562,-0.06375482,0.0
677,1,737.066236208044,177.00014446310868,762.140236798822,235.72935944813878,1.2274121219383232,1.5131027,0.43497655,0.55228376,3.6776285,1.6239761,18.96557,1.2607337,0.0
678,1,744.4728579395783,174.96927716463324,765.4493468207321,235.34042840316195,0.32557063051049867,1.5234195,0.41905487,0.43366873,3.714021,1.5781415,18.44455,-0.05716634,0.0
679,1,835.47392637468,164.6832441867989,849.9300338326412,184.1367053948509,0.343001646828918,1.8554566,0.63978523,1.1559486,22.36383,1.0761356,69.21957,-0.14459938,0.0
680,1,754.4637302125362,176.62671938195334,779.9937438617332,236.621009743429,5.905713993339835,1.4094087,0.39877638,0.6046417,3.781163,1.501734,17.324907,1.3955348,0.0
681,1,760.8039239655185,177.3963573176669,780.9392313015285,242.21896283731382,6.258579358315858,1.4758065,0.40485156,0.5459203,3.7437673,1.5832026,16.764034,1.6923004,0.0
682,1,764.001597064902,176.90299142747128,787.1013671810699,241.769623575427,12.120696447788351,1.4330668,0.39167622,0.5224733,3.7315984,1.5256772,16.238499,1.5520929,0.0
682,1,990.9459393848998,159.77946970159525,1003.3103466630862,183.35247927913701,1.5947569547267435,1.7600003,0.730636,0.64499813,29.161798,0.78383374,54.297382,0.21693128,0.0
683,1,765.1788158647114,172.61526689012643,791.0128155923001,243.96896398330986,3.7221586861789695,1.5267138,0.40099105,0.4112072,3.6600447,1.5216057,15.680702,-0.23186423,0.0
683,1,991.3533873340656,158.91555940066164,1006.2169750904052,182.93447416472688,0.20416925847530365,1.7756137,0.74249244,0.6431183,29.00664,0.7452052,53.77725,-0.2403083,0.0
684,1,770.1528899607011,176.98046728929208,794.497558778792,239.95072962320853,1.1730774902879768,1.2915245,0.38308287,0.601913,3.621351,1.3798976,15.145788,1.6020253,0.0
685,1,769.4332993898885,172.27874697912364,803.1778902794595,249.6117447919195,2.3823551325793035,1.5433571,0.45964113,0.4995033,3.5968778,1.5318766,14.696939,-0.32172596,0.0
686,1,991.9883810041467,156.74212524780845,1013.955136526631,182.33791915290016,1.077646274234181,1.8476684,0.68868023,1.2493184,28.635775,0.6846098,52.531887,0.17289807,0.0
686,1,771.2066807832067,168.02836092619884,809.3448482767325,250.16815076897174,0.4696025680624162,1.5745674,0.46385783,0.5801484,3.531275,1.4820629,14.116964,-0.20257032,0.0
687,1,776.2156396331264,170.99206199962393,809.8507632176152,250.17693595037107,19.546176116175122,1.4629259,0.42443162,0.57078946,3.4641175,1.4285269,13.645868,1.4105952,0.0
688,1,781.7338675562045,176.83938870803908,811.7221831375609,251.43197306591614,8.925945611021271,1.3214035,0.37456986,0.61511815,3.3988674,1.3956313,13.126974,1.5484383,0.0
689,1,780.9914891147545,178.96752779267382,816.8376194447263,255.92272340333727,10.38796919088138,1.3097775,0.39039823,0.609819,3.317739,1.419937,12.6675005,1.3983679,0.0
690,1,783.8744224248744,176.81867375318484,816.6195635698648,256.9719443656814,6.302757172006511,1.3166456,0.3713586,0.6260121,3.2180104,1.3854498,12.202878,1.5380487,0.0
691,1,784.2197228336526,177.24018465912042,824.4373683799265,256.4310857126419,2.8643092280824023,1.2437348,0.36257476,0.6421299,3.1582358,1.3171885,11.727432,1.321372,0.0
692,1,785.8104452099977,172.8846542877313,824.5451407906227,259.61868901265046,13.125846393693203,1.3181913,0.3792034,0.6065139,3.0540645,1.3186848,11.292141,1.4364605,0.0
693,1,815.1142364645652,162.96876564900217,831.2824864931762,184.9230066804526,1.7972756762909503,1.8580625,0.6170845,1.1872631,18.257002,1.021441,61.664345,0.62696874,0.0
693,1,790.6955654800233,176.93116779776537,828.6765282115401,265.2411769881917,0.1756594181060791,1.2828478,0.36670488,0.64104855,2.998737,1.345968,10.841171,1.5210207,0.0
697,1,797.2528797041506,204.90881161870172,843.0033986451574,314.61253534395087,7.80915502342297,1.3142405,0.37531304,0.6081268,2.6584964,1.7343078,9.141485,1.5152059,0.0
698,1,804.0538174184769,213.3830843533833,848.2434045129567,323.91782235808535,6.6233875666046975,1.2542952,0.3581245,0.61822385,2.610645,1.762137,8.72886,1.5884767,0.0
701,1,820.0768707368719,213.80284010059995,878.7641507173895,356.1343984083518,11.333428429120671,1.371393,0.4061646,0.66810673,2.475818,1.8157805,7.4893384,1.6059206,0.0
702,1,829.772270201927,211.3459576032166,896.0095194271603,361.4221341632813,1.9391193781724965,1.3561006,0.40751255,0.6674855,2.4518042,1.748824,7.0266843,1.5647018,0.0
704,1,840.7246254333678,208.05480890905724,924.7058640526352,375.0,1.786288362250582,1.4058661,0.43368527,0.7082873,2.3501766,1.7290907,6.2606277,1.5197226,0.0
707,1,874.5333709490558,216.8199853634625,999.4936651443422,375.0,1.9419492575995687,1.4988241,0.520207,0.7654831,2.2904985,1.834583,5.1182237,1.5341768,0.0
707,1,255.7535943767405,221.59071655548823,360.1402558176032,375.0,0.21133625507354736,1.5441881,0.54655695,0.8463453,-2.3776224,1.9639068,5.765497,1.4707268,0.0
711,1,971.3141107024087,160.16122630870603,988.605039445201,186.06274035254683,2.513025799674434,1.8664248,0.5942378,1.0424278,26.915653,0.951802,52.44203,0.3277549,0.0
724,1,101.78060075103126,149.4488387055801,125.45795925045744,176.59992714541997,0.17691753804683685,1.862131,0.6547153,1.340528,-34.443375,0.2569105,50.12658,-0.57861984,0.0
726,1,761.6592656727717,160.99901989208033,774.7894140037804,188.51030236860245,1.1677354612837085,1.7678216,0.7045582,0.60383916,10.28122,1.0060433,46.766434,-0.18507342,0.0
727,1,773.1761369287005,163.0942349991045,786.5101771202166,192.5481722968351,0.5814077990569254,1.8702723,0.65442324,0.79562694,10.904427,1.2505444,46.220276,1.5519079,0.0
730,1,833.801499069411,161.01306928421005,848.6524562847131,191.7373065804485,2.055006893524907,1.8584467,0.7027532,0.9295814,14.169708,1.1422126,44.148247,1.6921046,0.0
731,1,862.2004104103064,160.16810877758758,875.6673069805641,191.72833824531477,2.5301195064592954,1.8725364,0.65020883,0.7364738,15.536921,1.1198549,43.232132,1.7557528,0.0
732,1,888.9658618062577,160.76792865283247,909.0562619923012,193.06164637238138,2.89002899746375,1.8709626,0.6738648,0.9568584,16.980267,1.1707461,42.34172,1.357763,0.0
736,1,1047.976690793872,157.08032203396,1068.1790268959749,193.28163296973733,0.3643847810800307,1.8580053,0.7577228,0.8057666,23.331543,1.0484328,37.545315,1.9422841,0.0
765,1,0.0,157.2585481262741,36.02347262642246,244.6034936003241,9.373288435630727,1.8466091,0.6280299,0.6706538,-12.951569,1.5168967,15.697341,1.0870252,0.0
766,1,0.0,160.23781359200305,39.31789765686718,243.50575622981387,3.2638138141623245,1.7174755,0.5604614,0.7788379,-12.595116,1.4572554,15.35401,1.1312261,0.0
768,1,0.0,149.62558549358855,42.94559506268495,242.88678093583985,5.41833931691411,1.8259234,0.64457196,0.7131794,-11.981827,1.3711436,14.560446,1.2813247,0.0
769,1,369.8163799370214,170.70142167857026,397.1754869549422,235.87175667084333,0.17540830373764038,1.8559242,0.6473958,0.5404848,-6.524059,1.7946229,20.840885,1.498574,0.0
