6,1,1084.8967154454263,176.70888917341546,1158.5304730703488,286.18986345075746,0.3770052447556768,1.6974912,0.6499816,0.78862524,8.234247,1.7618389,11.630398,1.6334383,0.0
22,1,317.29273948320923,148.69808086278528,350.8021190947905,214.41502452337122,2.0901827553431542,1.8016982,0.6996527,0.6983256,-7.6866198,1.1394385,20.15306,1.5051607,0.0
23,1,296.1452895587538,146.66845302378886,330.27498963972073,219.48180533156588,0.4957646946768681,1.8302869,0.6935624,0.72026414,-7.613378,1.1720687,18.56113,1.3625042,0.0
26,1,197.53743017666443,140.72032063072209,249.55197684348178,239.11546432723836,1.4182263725986277,1.8373101,0.6969106,0.70732164,-7.411976,1.2372851,13.881998,1.3959359,0.0
28,1,83.67707107933096,127.9835142075661,158.27873443614067,259.0711023224977,1.2987089842616877,1.8806832,0.67547846,0.74239916,-7.2737713,1.2369367,10.774166,1.4028523,0.0
55,1,914.6656851338599,205.9873359378471,970.1877870315706,300.65796875464866,4.389771668189926,1.8328733,0.77513206,0.9472116,6.826624,2.5378816,14.840418,1.678136,0.0
56,1,952.293916737916,209.955902007175,1017.7835752501173,321.43714224621317,5.327213664502868,1.8647721,0.7185344,1.1079541,6.771032,2.5672026,13.063568,1.7044868,0.0
57,1,1011.8868648500222,217.64494612520744,1078.4651034397818,342.1103507865842,3.0358626616845124,1.8612999,0.6926863,0.5740501,6.862118,2.589318,11.382941,1.3897004,0.0
58,1,1072.4299306505477,215.95146124663057,1168.2835804249225,371.1495356848317,12.689712484660035,1.8714741,0.7221067,1.1113207,6.8147864,2.4878345,9.685793,1.8482893,0.0
85,1,1139.3266164843565,215.87522782902104,1242.0,375.0,6.332229938928366,1.8698218,0.7345395,1.0151267,7.4494224,2.4557867,9.210262,0.7732272,0.0
95,1,215.56611229923504,170.76657384067343,259.2223776536226,239.7944725588822,0.20379504820542738,1.8453041,0.6804631,0.90640146,-10.18598,1.7895014,19.772667,1.6677059,0.0
103,1,986.8673436789056,213.17883883019115,1065.5515752080541,375.0,1.0380562853679236,1.8031764,0.7243184,0.7226508,4.961408,2.312193,8.636478,0.3853783,0.0
111,1,1105.9403618093957,224.6313936128891,1234.3145076498288,375.0,3.22560391973339,1.742888,0.8324549,0.96060246,6.407477,2.3792267,8.311132,1.7807136,0.0
113,1,339.0802038737183,170.90710484798896,361.8680280400771,219.56753988067513,0.7050328820342531,1.7882005,0.6171155,0.661211,-9.636038,1.7166548,26.85056,1.5561364,0.0
121,1,36.446163211099375,185.94572590163193,79.6762313285404,248.5762863428308,5.201391642968443,1.8224792,0.5728835,0.9091799,-16.507124,2.2225475,21.613726,-0.38326633,0.0
138,1,396.74047894950695,172.87759811687062,408.7628888684845,209.38326608848456,0.18393413722515106,1.638026,0.48019755,0.40150732,-9.347168,1.6391006,32.618538,0.012034672,0.0
138,1,69.66968125625903,173.99359997877735,111.54307114075033,235.53336137451697,0.170571967959404,1.9026738,0.69131535,0.9501287,-16.407562,1.9395354,22.833029,1.4750468,0.0
150,1,298.8309703507928,171.48569320543854,317.35382858528266,223.38712633786307,0.18152140080928802,1.6494913,0.45709935,0.39709225,-9.675503,1.6060047,23.164444,0.023172831,0.0
155,1,89.96666446594189,171.74106236445942,123.89619436807814,225.43498610021848,0.1985139399766922,1.726154,0.58977777,0.84283835,-16.465153,1.6903751,23.651608,1.4428989,0.0
156,1,55.78304175849704,172.7618362682134,88.46916496141124,228.08105645158741,0.8094429048028691,1.6693971,0.54958045,0.6072037,-16.439243,1.6666157,22.080011,1.5628008,0.0
162,1,78.5052601797866,151.39683980008417,134.6367392306853,243.67565321420943,0.21968196750268926,1.8308278,0.6151606,0.7631957,-10.232671,1.4051139,14.700258,1.56024,0.0
176,1,898.7917651732155,161.0310826336284,958.6496083636036,375.0,0.1681094765663147,1.644328,0.44171193,0.3841196,2.3193316,1.5625916,5.2654276,0.3885786,0.0
177,1,24.653335643948267,170.9247647908054,72.89111246695548,257.6686889629254,0.17466802895069122,1.7632241,0.6023091,0.5194787,-11.629452,1.7240089,14.971961,1.7348143,0.0
183,1,412.57595038702067,172.95137513127852,430.59566987909733,220.10942123366843,0.1923663467168808,1.7034421,0.50688046,0.41379467,-6.8703203,1.7070444,26.379045,0.40406808,0.0
185,1,434.6302834159259,175.50810070484073,448.4174680178533,217.44000863497794,0.17672547698020935,1.6484165,0.4688737,0.3985107,-6.6708612,1.7547543,28.653036,0.1150018,0.0
186,1,841.4087913971194,166.82303031697228,911.2264901096361,370.79905283176146,0.3366239257796696,1.6579151,0.4740104,0.47762805,2.2561238,1.6088954,6.138251,0.16799265,0.0
189,1,899.9514308644697,169.47414639788664,942.7773566963782,331.1650256931139,9.301559464123098,1.6338693,0.42963484,0.40038073,3.2609358,1.5997162,7.564823,0.38011777,0.0
191,1,372.7461574319075,172.5926275732836,387.7157724112067,229.36615866570506,0.1908736526966095,1.6499559,0.49577874,0.40971252,-6.755639,1.6423597,21.26497,-0.28586924,0.0
192,1,477.5031424133432,173.8608516639558,486.22778560839294,207.14579201067878,0.22180292010307312,1.5978618,0.4504955,0.40270513,-6.1801667,1.6469477,34.915066,-0.2044468,0.0
197,1,241.44641549613078,173.00303938722905,271.25748808403137,259.60913181929794,0.3586219497608255,1.6469752,0.5123384,0.42683387,-6.8588324,1.6499342,14.024063,-0.2545112,0.0
205,1,44.38222801205326,161.44561374082895,127.68548737721227,312.2408617056725,0.642735648882717,1.8423645,0.5968468,0.6707528,-6.703807,1.7029808,9.251774,2.0599859,0.0
214,1,18.535980657206217,159.88346304702645,113.07352146751411,318.86060511700794,0.17510375380516052,1.8393008,0.55318964,0.745259,-6.6167054,1.6892369,8.800118,1.9829128,0.0
236,1,444.7375795196247,177.13848370849746,461.91076984300093,212.91074137845263,1.564439341306653,1.7786894,0.7141385,0.6671462,-7.855007,1.9962096,36.294754,1.581127,0.0
246,1,1118.5038376822833,189.1791322187953,1160.7907791145976,249.28046621785427,5.6321448435221315,1.8528495,0.71288514,0.9686136,16.925098,2.3865144,23.058928,1.7061844,0.0
247,1,634.1505994594659,178.84864495906396,657.7015888908427,219.74823154864814,0.7225231737567186,1.7187895,0.6320976,0.9991845,1.5610175,1.9818494,31.078304,1.1560403,0.0
248,1,374.29611884888755,182.9120491848854,403.05536128684423,235.70949172923616,0.5921153349502839,1.6759534,0.7291409,0.6579389,-7.144225,2.0061588,23.358696,1.5719066,0.0
252,1,327.79773297874414,176.76918504679824,364.19207777159016,237.9706987510029,0.17480699717998505,1.5762613,0.7089235,0.61231774,-6.9177513,1.6809264,18.957401,1.6449599,0.0
256,1,251.9380678718154,180.13918013243932,299.9520034611125,261.503081496117,10.444535859237126,1.5825644,0.6574454,0.6668681,-6.6620493,1.7317044,14.432949,1.5563114,0.0
258,1,188.10393008715192,179.59063250129563,245.98797761070162,277.02798984590055,6.76460266661364,1.5932497,0.71305877,0.536221,-6.6001406,1.7096763,12.155875,1.434124,0.0
260,1,84.3659160231615,172.34623740631548,165.49668060178783,295.0270141807426,9.926182281158233,1.6042423,0.69000095,0.6493741,-6.557784,1.5976025,9.793539,1.4682143,0.0
260,1,962.7248820530372,165.80744849702083,972.1368462267352,191.8164719469672,0.19701702892780304,1.7457299,0.727179,0.5674382,24.24576,1.272764,48.88195,0.46510994,0.0
260,1,31.23085240534301,184.6586167618602,59.886705415137655,225.79592874813383,0.17144456505775452,1.6411507,0.61338574,0.7100433,-22.934532,2.1271894,29.349737,1.5590975,0.0
261,1,17.769161617915948,178.56818518083634,110.76527113363787,309.9019190311168,14.955486778527812,1.5173467,0.6756705,0.59413314,-6.5383325,1.5885689,8.678457,1.5167941,0.0
284,1,784.9465293285213,182.89937509047513,813.5958186483834,239.97353257590086,0.5258105020515879,1.8419459,0.6361359,0.6716164,6.2742753,2.1804373,23.876457,1.1485273,0.0
296,1,32.30054056294486,180.66966564593102,65.88054033279829,227.2681917010467,2.8793768418559527,1.7899296,0.5305567,0.9116026,-21.926563,2.1000712,28.239632,-0.31224638,0.0
304,1,1156.6401299227437,196.5331828316981,1204.9068858395792,264.52563678811043,0.16893361508846283,1.8535414,0.6883678,0.92418456,16.221212,2.5429368,20.511015,1.6765054,0.0
329,1,993.165291437596,189.42271443033005,1031.1805368458474,249.7952980616447,2.6702650493330324,1.8653991,0.7764376,0.81253934,12.796284,2.4022279,22.952736,1.620883,0.0
335,1,191.5468720321958,119.67894799386856,228.7626708373241,221.86790321577408,0.1810268610715866,1.7349484,0.5450616,0.4383521,-6.948033,0.83215046,12.566597,1.1171682,0.0
343,1,93.6014026380956,184.49308928838803,117.93488638210482,224.18923981350142,0.5992027891219339,1.6683042,0.53285354,0.66435975,-21.467505,2.1687272,30.752445,0.011103712,0.0
345,1,1012.1841380306348,205.53478394030685,1043.9972083141724,270.14997206794834,0.5565198819641258,1.7171694,0.51978374,0.59127367,11.471753,2.6272256,19.787899,1.5354296,0.0
365,1,410.6860892059042,150.4821614171013,425.4601621625527,183.36636936604506,5.146484168006967,1.7087528,0.72097623,0.8090601,-10.08374,0.54625106,37.985634,1.2726581,0.0
372,1,147.79682486181767,177.4843987132834,194.0089314178356,257.7167591501793,0.7880767339502975,1.6471406,0.6024103,0.6437005,-9.2258835,1.7468325,15.193453,1.5042351,0.0
373,1,90.78104103414354,170.79538393677703,148.3037344954666,268.18726820493254,0.40969362216174543,1.7817645,0.55902994,0.8013805,-9.227968,1.7441025,13.61212,1.5300817,0.0
374,1,25.658959457148097,177.29474642677636,81.19068402961338,277.3787473226582,0.433608826804759,1.6054382,0.49943933,0.5966648,-9.186213,1.6809314,11.934881,1.4254422,0.0
381,1,855.1477788996683,170.44701459461345,923.6493205358252,315.02053212405207,0.5732590602789829,1.7123958,0.67114127,0.49652904,3.4508972,1.6838863,8.93061,-0.23640119,0.0
384,1,698.8538539199487,179.83456709110587,711.5736311708475,217.53139104541245,0.18084996938705444,1.835469,0.6103519,0.91580695,4.751522,2.186777,35.81445,1.7196585,0.0
387,1,710.7133387497086,184.26922330907087,730.2259963428118,225.01309951881962,1.2870778118823192,1.7046756,0.6730026,1.0689671,4.7614694,2.203948,31.023155,1.5690899,0.0
387,1,750.8804957471721,177.43339488309567,766.3053450389444,220.41236738372282,0.18713600933551788,1.5743335,0.5268388,0.5093056,5.5281715,1.7461197,26.77922,1.7055974,0.0
388,1,758.5576148215799,178.46787688214476,776.000697762192,226.63740940733032,0.18098212778568268,1.6446505,0.5656836,0.74374187,5.4920673,1.8435488,25.148138,1.7474473,0.0
389,1,724.63869827101,189.41512272546726,742.1952539720502,238.34728765080413,0.18411611020565033,1.8217175,0.63788223,0.94095016,4.766925,2.4704947,27.741707,1.7702168,0.0
