18,1,477.21912768075606,178.0477597010095,501.53736793187414,228.82834161590415,12.787686162049473,1.5152972,0.71135855,0.52067643,-3.6422663,1.6751192,21.89813,1.4384682,0.0
21,1,457.5648412484932,180.5523637878685,487.6340130128772,242.275933876306,3.756685723836467,1.4842054,0.6549467,0.6194805,-3.391453,1.6788456,17.845995,1.2514396,0.0
22,1,446.38665287353484,182.1504201896497,479.5901750689829,252.18918040835834,10.206534138357048,1.5557251,0.7300536,0.5658188,-3.339849,1.7723322,16.465443,1.3818593,0.0
26,1,384.638485033788,183.14266594338892,438.10826370036926,289.1995978694094,0.17796668410301208,1.5547962,0.6674323,0.6164292,-3.0000825,1.7158096,10.966333,1.5178684,0.0
28,1,324.49440833367464,191.225634404757,383.69436079069294,324.02693628525367,4.300575157984585,1.4316196,0.5152869,0.6355293,-2.897275,1.6498835,8.223497,1.4396877,0.0
45,1,876.6819668827729,170.67502380466715,892.0283731113631,194.1252635004823,0.381249661960402,1.8878673,0.47824886,1.1201185,22.26215,1.712448,58.464767,0.26444232,0.0
123,1,82.931054313871,196.2837045698787,109.26910525651762,252.0316577853265,0.36717148496597507,1.6436365,0.5242264,0.65154326,-15.6573715,2.3714795,22.012798,1.1740503,0.0
146,1,661.8752314400347,172.28415887184332,677.9035033603769,206.6842170215678,4.185423984411664,1.7727858,0.6410907,0.81309736,3.1436112,1.7434192,37.642384,1.3865968,0.0
148,1,1059.115559393914,155.05552912844647,1092.5169364957785,213.7236079112966,0.1730106770992279,1.7540603,0.75567704,0.7510632,14.250484,1.2219208,22.070621,1.9965734,0.0
150,1,1132.7487130161078,161.57856421053486,1165.1918451614754,226.0870970660288,28.211593375273736,1.6670903,0.6331004,0.8157959,14.3128395,1.3756998,19.160892,2.1408925,0.0
150,1,673.9054040945834,176.73437976628878,689.7496850532048,217.91152804715432,0.6416096242441459,1.7975281,0.5808565,0.54773366,3.1895056,1.970604,31.869648,1.4256829,0.0
151,1,679.8295893945599,176.1236589921824,691.2900623646489,216.7234364313218,0.18911214172840118,1.6928029,0.47195682,0.37844318,3.192708,1.8311754,30.326849,1.6567899,0.0
152,1,1211.535359645017,150.9466889899162,1242.0,225.1454228092483,3.9192831922528217,1.6370342,0.5217348,0.81569237,14.173367,1.1536968,16.392311,1.9263346,0.0
154,1,690.6273614524614,172.35202375436097,703.7306693575083,217.50170185952055,1.1363359640548625,1.616061,0.44152752,0.3572933,3.1706796,1.5980934,26.100483,0.4168045,0.0
155,1,693.4470230930311,172.78756058370183,707.7768742435964,221.21833319355773,9.369085102497214,1.637568,0.48974222,0.4554659,3.1087675,1.6353214,24.655464,0.06163135,0.0
155,1,1135.8887235571415,150.3316538551678,1167.6649604166857,192.7013581340732,1.1434592217623127,1.7857744,0.56037414,0.92947376,23.060635,0.83651507,30.695501,0.009387329,0.0
156,1,699.4631369529831,175.0374351519169,713.7901861777957,225.26953079725916,7.425785626972954,1.5960169,0.41895127,0.33347094,3.117535,1.6669071,23.186295,-0.21402943,0.0
157,1,705.6676827142954,175.85176601216088,721.2799641985087,227.59061195250732,27.936502299275688,1.5398448,0.42291027,0.33378497,3.1301355,1.631211,21.746881,-0.2328999,0.0
158,1,708.6757480944101,173.8741908347558,729.808770618413,231.45842986670613,13.615781317071733,1.5984991,0.48723164,0.40944934,3.0890827,1.6276736,20.336966,-0.3320679,0.0
159,1,713.5372511707188,169.53472303727793,741.275766893368,234.02300532581395,3.683721709813753,1.6587256,0.5672169,0.5211824,3.0840437,1.5733492,18.90565,-0.29263413,0.0
160,1,728.6481045355191,173.1024446470697,747.3962811541966,239.8412998210443,9.81666359938002,1.5970916,0.43539745,0.34140447,3.1135402,1.6031985,17.502369,-0.10165295,0.0
161,1,733.2665543538219,170.03863142590336,765.7495126646533,249.06377032143507,5.006530490397259,1.7211592,0.644673,0.5459403,3.1091561,1.6598407,16.063894,-0.103772946,0.0
162,1,746.3749984292931,170.8310376487888,779.1802452385094,254.20334545622725,3.676645394115267,1.6597848,0.5231508,0.50956064,3.1067677,1.6195114,14.65493,-0.12128977,0.0
163,1,761.8650832947425,173.22854093098587,793.1545936760086,265.23010796155063,23.992514298821295,1.652923,0.45552692,0.3884319,3.0774848,1.6599349,13.236897,-0.2703718,0.0
164,1,783.2367325752593,174.1550174759952,812.5010275187441,274.38562755675486,31.24243587586541,1.6083422,0.4091044,0.3359133,3.077888,1.6300359,11.807579,-0.123449944,0.0
165,1,802.4512315181104,171.56793905184097,843.7523796586593,287.36996947305386,23.31863889348039,1.625553,0.46240267,0.39838678,3.0714476,1.6075001,10.395975,-0.20901586,0.0
166,1,819.5694124401738,168.99675332419582,886.9614708761408,310.201233168438,23.073190070320422,1.6883461,0.5628698,0.5786974,3.0221443,1.642226,8.9746895,-0.26525396,0.0
167,1,865.5131202132934,171.9672402859717,932.6843959175104,336.19524621239924,32.624641698578635,1.6511745,0.49063683,0.44971567,3.0199597,1.6422589,7.5470614,-0.2454602,0.0
167,1,686.225298647849,169.40876473980566,694.3807041338004,190.29546984353297,1.2717978631167848,1.7775513,0.66781205,0.6639766,6.915946,1.4843462,61.787918,0.15753925,0.0
167,1,0.0,209.96416752369268,26.458793727217383,268.87750646675204,1.4905806495597613,1.7099249,0.65325916,0.68734,-18.21407,2.849522,21.784576,1.6646202,0.0
168,1,928.6397433996166,177.45740866240044,1000.9548321168653,375.0,47.51342783871583,1.6129813,0.44257402,0.35434955,3.0055742,1.6536539,6.123291,-0.19729522,0.0
169,1,1013.5012755051391,165.4946303446758,1138.90142713995,375.0,26.2891160625268,1.5998751,0.49491167,0.46652395,2.9976525,1.5554199,4.6588526,-0.2675448,0.0
173,1,685.2281312142441,169.03316357365307,704.4906609987453,194.62923500825582,0.18090637028217316,1.8679192,0.6225108,1.2761251,6.291286,1.5890865,53.217255,0.45902723,0.0
174,1,692.3218275597341,169.97051543903945,701.3847350049998,194.5370702859209,1.3995752215764579,1.7547836,0.6589824,0.57137096,6.2732067,1.5488167,51.86897,-0.0006881952,0.0
175,1,693.4811412089219,169.1222344411509,701.6720321945274,194.36940848835377,2.6224838427820143,1.75222,0.6426276,0.5462223,6.1486115,1.4932255,50.420372,0.08673112,0.0
176,1,693.8694939587566,169.14527006254204,704.5401155451946,195.31854870883134,0.5964333300941287,1.7638248,0.7119049,0.571561,6.0866127,1.5138922,49.009117,-0.10718085,0.0
193,1,750.2850042356522,160.2004929697777,767.2697176266663,209.3329773701244,3.0846371224943296,1.6879603,0.49436364,0.43567708,5.169607,1.2532454,25.00964,1.5578953,0.0
194,1,758.1841992421837,160.01795664298703,776.210195130099,211.89583085205697,0.7371034562382391,1.6852376,0.45524904,0.42673543,5.172222,1.2682624,23.684307,1.4188442,0.0
194,1,466.8176539032606,174.31074960335644,483.6405134744804,200.73496230881392,0.37261194179099255,1.8514605,0.5701133,1.0214648,-9.499643,1.9553615,51.033127,0.31654716,0.0
195,1,766.1951380054513,161.01408282024846,785.5285326034983,216.08803940074745,4.85825872708464,1.684764,0.47901788,0.45169088,5.1389327,1.3225697,22.308813,1.526207,0.0
202,1,416.02361142059027,175.25973066567968,431.1616357502699,205.4735652032442,5.49385200229789,1.6081414,0.5410152,0.8233025,-10.02441,1.7393265,38.909607,1.6685073,0.0
203,1,406.3423494956516,175.7750027035133,421.47064207892885,206.57807358698784,6.532899047646397,1.5734518,0.5284543,0.84360594,-10.129071,1.7264855,37.37037,1.6091969,0.0
204,1,395.6917002796978,176.0822335385174,413.1660551322894,209.6722539179335,15.578131528679512,1.6461338,0.57245314,0.78151965,-10.192492,1.8085048,35.86657,1.7017355,0.0
205,1,385.4902283141007,176.6972972842972,403.0162581750703,211.19329025270596,11.771557917920495,1.6141876,0.5062997,0.86833507,-10.236897,1.7994447,34.322624,1.6715791,0.0
206,1,373.68929750880415,177.77175355480088,391.86202456995676,214.27952403576975,17.51308450570783,1.6319944,0.5049144,0.85281956,-10.310463,1.8587208,32.820107,1.6518312,0.0
207,1,360.7310414174689,177.97675838854312,380.234314951595,215.8840674393292,21.070329612613893,1.613884,0.5247845,0.8438314,-10.357348,1.8390385,31.275162,1.6344552,0.0
208,1,344.8271008828953,180.11791121722044,365.5042808531997,219.16985281606222,21.9703927399603,1.5755544,0.500947,0.8620465,-10.474262,1.8793114,29.724937,1.6423614,0.0
209,1,328.66304628814066,179.26646221344137,351.09428255899235,220.71463531149644,29.12719264974448,1.5873696,0.5315343,0.8421271,-10.533993,1.8418502,28.200926,1.6196728,0.0
210,1,310.38673463944303,179.00386785277766,335.0846623111848,223.35971173087512,26.47272141900761,1.6037091,0.53465605,0.8358753,-10.585448,1.8345461,26.64597,1.6473788,0.0
211,1,288.68679313160044,182.2703962506721,315.08855410724124,228.15704868244936,29.781752265748224,1.5549259,0.5018876,0.8618058,-10.688608,1.8881484,25.084023,1.6499112,0.0
212,1,266.4337445726074,181.4665902055499,293.76615312119753,230.92239977304897,31.703580422514953,1.5765698,0.51770014,0.8475198,-10.758301,1.8631355,23.57916,1.5522536,0.0
213,1,237.01050830770993,181.77144394370694,269.428657962449,235.1874719153914,22.595053567600814,1.5836843,0.5240977,0.84080565,-10.847196,1.8608234,21.982021,1.660375,0.0
214,1,208.10752263529392,182.16995254819184,241.86124250961726,239.2993669987894,37.835812864992135,1.5730685,0.53551257,0.8504936,-10.889479,1.8427744,20.450062,1.516439,0.0
215,1,170.29845579424006,181.79958786376682,210.7618062502378,244.63969412021825,44.83817298267568,1.5945164,0.5199184,0.8504902,-10.954677,1.8341601,18.882479,1.660535,0.0
216,1,130.21271987578956,181.41545328465176,175.17874544068454,249.2035730602824,33.825927284169175,1.5817577,0.5293787,0.8744291,-10.993655,1.7932194,17.384102,1.5713941,0.0
217,1,82.77293048353305,181.59020256769972,132.50050472601168,256.0045549017402,32.903089730233816,1.5803893,0.52552915,0.8842565,-11.040408,1.7784207,15.893989,1.4905511,0.0
218,1,21.213626393098327,180.17314893238515,76.59351141856865,264.54249530375307,25.746874152455884,1.6077213,0.5589346,0.8579284,-11.103767,1.7577958,14.31378,1.3435473,0.0
274,1,0.0,162.91215300930423,33.50684580231512,234.53342867611417,4.4911839739919515,1.9021455,0.6643851,0.7336151,-16.19148,1.638106,19.640358,1.100788,0.0
