0,1,658.5427284011412,169.60867609320817,675.4948179767094,211.04582983810755,9.159665307225112,1.698433,0.72368383,0.59797806,2.3920338,1.565413,29.995907,0.23443478,0.0
1,1,661.041298147414,168.9709090281009,684.9162062797324,211.64355757901563,7.56967447514914,1.7153983,0.67054886,0.7529631,2.585823,1.5593017,29.453035,-0.3665508,0.0
2,1,663.2716727852626,170.3517957037608,693.950544230089,212.75396368332915,14.684230312367074,1.6678905,0.79162437,0.94534373,2.7682047,1.5694661,28.953629,-0.4910022,0.0
2,1,63.119965808407194,164.68483689327323,101.19391600801467,231.7385384448139,0.8103654734004159,1.7576582,0.5673211,0.59783596,-14.050052,1.5435224,19.231867,1.6422956,0.0
3,1,667.6398991235019,170.0732047072216,699.1149014980435,213.31032361213872,19.057360792712277,1.671897,0.79909706,0.94380504,2.913602,1.5643688,28.49441,-0.5863179,0.0
3,1,46.407985223232366,165.99744585427345,75.7525177026975,237.75103955589654,1.8003756100002977,1.8192625,0.4701132,0.37820584,-14.070688,1.6454192,18.514458,1.7123336,0.0
4,1,27.167664283971277,170.071420573389,52.5944232634796,244.10668061115712,1.3331745820878877,1.8130772,0.37564695,0.32710814,-14.101824,1.7449335,17.863817,1.7461295,0.0
4,1,674.4923048259967,169.76097383776656,701.9154174455094,213.87179541244285,3.0324670336304758,1.6831744,0.77089745,0.84433025,3.0475836,1.565151,28.008081,-0.24314258,0.0
4,1,1168.3771228287515,88.67694494378276,1242.0,257.6806159757753,0.49704975411375196,1.7352753,0.7589875,0.7482243,6.716297,0.87097234,7.8803596,0.29489088,0.0
5,1,1.8827989751049672,171.70836970458848,28.642912127924234,249.51548828307867,1.5366182234645493,1.8330944,0.38553238,0.33097965,-14.172738,1.8061038,17.209623,1.8384501,0.0
5,1,678.1671717693363,170.2577384390004,709.1413154616661,215.95029640435945,9.277975520630747,1.707564,0.6608448,0.9779068,3.207806,1.6105397,27.546228,0.8087028,0.0
5,1,512.2996009344089,168.73996905017705,530.6901715133639,214.41531455809977,0.760907114199893,1.7749857,0.61895454,0.80174875,-3.4665523,1.6151105,28.443966,1.5821123,0.0
6,1,685.2791943763473,169.933002252326,712.9720780885435,215.88117597482773,17.11460078700211,1.6980833,0.65159804,0.85180324,3.3584373,1.5901333,27.087536,-0.252996,0.0
7,1,688.5235020045181,169.77974453918682,720.9574188368167,214.88735540565017,12.29433252109424,1.6314018,0.76301163,0.91140175,3.5161362,1.5202154,26.665817,-0.58702594,0.0
7,1,936.655502772622,162.44533579377244,950.3306749484532,205.17482163972997,0.3587603583084089,1.8307319,0.4805325,0.3165006,14.428051,1.3847756,31.179237,-0.18407142,0.0
8,1,694.1695520637786,170.0825090001767,725.7125583075135,214.12865690847494,12.629475469766636,1.5671338,0.73743933,0.86343396,3.6441367,1.4685258,26.209108,-0.5347414,0.0
9,1,704.9865622984921,163.4139646660753,731.0868826812803,212.9617227671401,11.526001883631597,1.7346592,0.66599417,0.8520326,3.8818913,1.4041649,25.795115,2.0787265,0.0
10,1,712.6669120299689,164.384039802561,734.8020141033866,214.32115756798322,13.557337776837933,1.7300608,0.5844841,0.68647444,4.0276737,1.4366207,25.43661,2.0477152,0.0
11,1,713.2606599207639,163.84629627106128,745.0970691723129,213.22178991423942,24.662253265741757,1.6788188,0.65063727,0.8836458,4.1519423,1.3725473,25.047985,-0.5836551,0.0
11,1,502.3192337050875,165.48967832614267,525.8440155931686,214.61254720668416,0.18210773169994354,1.7061607,0.65960807,0.8086278,-3.3675034,1.4503791,25.494429,1.6652296,0.0
12,1,714.5222184315501,162.7886774047737,752.9852111355948,213.1284250399855,35.51681629671343,1.6797049,0.8687273,0.96737593,4.251233,1.3438514,24.71004,-0.61764336,0.0
12,1,963.7470759713771,157.92995356917203,979.4412665422565,204.07221019488546,1.5177757750436773,1.828326,0.52445173,0.33810428,14.480428,1.2369802,28.864954,-0.080526926,0.0
13,1,721.7898877828895,162.08937249812382,756.7423932829364,213.7878527913378,31.076935192059313,1.7015665,0.8219265,0.92049265,4.382313,1.3472672,24.364315,2.2462826,0.0
13,1,968.4244881065806,158.21997351271904,984.2537613171739,205.12681363398835,1.8013219507445946,1.8309844,0.5128453,0.33731833,14.451296,1.2597525,28.434143,-0.08141615,0.0
14,1,729.092884072521,164.0173572070924,760.9313267852266,216.32405675016423,34.87235028001171,1.7004462,0.76840925,0.88576174,4.5160103,1.4131744,24.036432,2.1368787,0.0
14,1,858.6314167394967,127.47842947459696,891.2127604132473,196.00905059295252,0.7238118792163871,1.6560031,0.5317017,0.70284784,6.53127,0.5595284,17.780077,0.25000852,0.0
15,1,731.8073792357371,166.80420034177467,767.347999038555,216.91991929263392,22.20182162536735,1.6095523,0.68547726,0.92108923,4.6050897,1.4152524,23.74464,0.83108914,0.0
16,1,736.4786468461499,166.88747643898932,773.8705237507427,218.05714957520254,44.076642570889945,1.6215467,0.69577026,0.97391486,4.723601,1.4324698,23.41253,-0.5339241,0.0
16,1,902.906457604844,167.17075337349095,927.2699813435851,208.3718170843407,0.8546109074602211,1.7103521,0.6412438,0.76660246,12.887575,1.4744271,30.436785,-0.62332875,0.0
17,1,742.1809275632403,165.9258156459489,778.939077873742,219.21390178347372,42.031970456818925,1.6639901,0.69760305,0.9229973,4.8263674,1.4476484,23.06915,-0.5481628,0.0
17,1,989.932931065315,162.41042179901834,1007.7403741679384,212.31320414548176,2.4282928862238142,1.8335088,0.5184769,0.3432984,14.450529,1.4497948,26.789875,-0.1308125,0.0
18,1,996.2550975866463,162.58014955839286,1014.2761163910604,213.20205645554884,4.973365808705524,1.8305954,0.52123284,0.34009534,14.458786,1.459071,26.36988,-0.108859226,0.0
18,1,748.8587889155373,165.27751671812416,784.5950519730193,217.6120796101354,23.21827487102265,1.6099164,0.6684693,0.8745092,4.9516068,1.3768485,22.745644,0.86858404,0.0
19,1,754.6447930232302,164.96948632187923,791.7699364217441,219.8610523296181,23.047511837021567,1.6670754,0.7082976,0.882605,5.0959506,1.4276199,22.4775,0.8174884,0.0
19,1,1001.3869612654602,160.58791556967287,1019.695176561444,211.72213922326637,6.8281234343251365,1.8206594,0.4914446,0.3343677,14.427861,1.3839192,25.966557,-0.21603812,0.0
19,1,891.7182453414974,125.96595595490327,918.7812473684154,207.88105126987782,0.667773871998327,1.754479,0.5934034,0.49293017,6.4719667,0.7502185,15.809003,0.2908496,0.0
19,1,909.5158221630937,166.38128409703424,936.9879305496879,211.5370380360809,0.17801831662654877,1.781303,0.66524774,0.835316,12.594757,1.5259674,28.971706,-0.588431,0.0
20,1,760.3286730362759,166.06761807033647,797.6954168416959,220.8720914622906,29.36026935842891,1.6382041,0.80641556,0.88682026,5.2080126,1.4353468,22.166792,2.26438,0.0
20,1,1001.3595300333675,159.7241390005497,1030.7775231760081,207.38861051047465,0.2636394202709198,1.6648078,0.576784,0.72532856,14.41855,1.2062125,25.597609,-0.3530267,0.0
20,1,898.1329831121967,127.58144816469758,929.4397964914485,210.244194843026,1.558570705899619,1.7291938,0.5440321,0.47893304,6.482417,0.78215265,15.389631,0.10697779,0.0
20,1,916.5826534576794,166.92331716791557,937.5660055667274,211.95821413191968,1.0007159438923803,1.7470951,0.614524,0.77691925,12.537436,1.5170186,28.486132,2.1878912,0.0
20,1,976.7283930483428,163.72015105312772,1004.6537648952274,211.47787198175115,1.317263594240046,1.8835127,0.6762211,0.7222861,15.266811,1.5232835,28.910576,1.2273251,0.0
21,1,765.2899086533076,167.2217142902473,805.0152709628559,222.5799330040796,43.43644177836922,1.6346896,0.752835,0.9128275,5.321978,1.468372,21.874794,-0.5994358,0.0
21,1,1012.0593097194753,157.39147925031742,1032.4263109541853,209.87612446003843,6.885783350225949,1.8127942,0.5210227,0.37084317,14.41556,1.2787261,25.20979,-0.1707221,0.0
22,1,770.3212266363637,166.34916002620693,814.1278919431114,222.11760429153554,52.1008480461876,1.622486,0.82615215,0.9855916,5.469051,1.4332389,21.61072,-0.5980096,0.0
22,1,1018.7344858643245,157.82405883158992,1039.1796371348803,211.11750749404064,3.5068580564479337,1.8122069,0.50905365,0.35431522,14.426508,1.301124,24.824574,-0.23856845,0.0
23,1,781.4617824969864,165.45834634132325,817.0555871466959,223.8001467744633,37.58317085800358,1.6741265,0.7456236,0.89779305,5.6001244,1.461907,21.28658,2.1904368,0.0
23,1,1025.0885602686337,154.28082747794974,1046.694127917793,208.76512890137138,2.359428739476606,1.8226175,0.5581636,0.36475798,14.434922,1.2013047,24.43656,-0.12447064,0.0
24,1,789.7177486522362,165.35017710048677,822.8991729842916,223.6242004715134,32.75749335027475,1.6520872,0.6521653,0.907284,5.734248,1.4393513,21.01449,2.200862,0.0
24,1,1030.4025541262638,155.74640845896315,1052.4957052399081,210.68799204111818,10.627470985305935,1.8132801,0.57449806,0.3812904,14.425994,1.2486647,24.107971,-0.039183732,0.0
25,1,795.7562874699184,167.47335585743136,830.6229352340125,225.78137117156453,45.44219956677229,1.6291454,0.6706827,0.898268,5.8511257,1.4788083,20.720316,2.2389772,0.0
25,1,1036.2205768833032,156.87813272174668,1061.8089234155852,213.3018052613065,7.602659681562665,1.8275669,0.6193172,0.4321901,14.429537,1.3101072,23.700073,-0.098529235,0.0
25,1,931.1380176032619,168.15398555171757,955.1283387638256,211.9799943354201,0.33449572589709065,1.5500968,0.5888641,0.8692198,12.042544,1.3838602,26.043224,2.2543745,0.0
26,1,798.1924344559067,167.03621361331963,843.1162008184604,227.29083545195417,31.91597525572639,1.6564367,0.76385754,0.96694744,5.979868,1.496502,20.449768,0.8240917,0.0
26,1,1041.6773880860565,157.2743694989472,1070.6733378399183,211.9389360175006,8.659517772803076,1.7430584,0.6112646,0.5710326,14.431263,1.2462794,23.324972,0.04329199,0.0
26,1,934.9931969641311,168.80653870469752,961.7785534902904,214.61503248449867,1.8880103809492785,1.588262,0.65747213,0.865807,12.004856,1.4479291,25.559866,2.2711844,0.0
27,1,1051.829984512866,155.97843731889716,1076.2341579166343,211.683190373615,13.551978167942258,1.7465389,0.5634581,0.38948438,14.435031,1.2174308,22.924519,-0.11235501,0.0
27,1,806.4644086775551,167.78854453799323,846.2765995561092,227.12830999822188,45.58109156927081,1.6146078,0.63876426,0.9011246,6.0542917,1.476779,20.149555,-0.59399545,0.0
27,1,933.958216305242,168.56125504611123,966.2678551898256,217.21588180137073,13.886388830325808,1.6544595,0.82239294,0.9025458,11.86998,1.5084882,25.14501,2.2589936,0.0
28,1,813.694533588853,165.26405014576503,855.6333840929457,227.83090128084152,34.42088936335949,1.6791883,0.67859983,0.8867076,6.198805,1.4754868,19.876852,-0.5074996,0.0
28,1,937.0144379704814,168.10476512442028,968.167743025151,216.31493853627683,12.080547629350995,1.6091484,0.7282906,0.9710759,11.74016,1.4506294,24.688639,2.2869933,0.0
29,1,822.3339396598756,165.16534787594787,860.3795290653443,228.83512913708017,38.581913084114916,1.6795999,0.7493906,0.90407455,6.306879,1.4767742,19.6194,2.184496,0.0
29,1,1061.6862921452032,158.91743662301582,1089.067010489985,216.1366515749516,7.942510510635347,1.7440147,0.52990884,0.4764012,14.391659,1.3192347,22.298536,-0.19674647,0.0
29,1,939.3031607650132,170.3888543875539,975.1648726016468,219.29347216594297,16.289571244764932,1.60327,0.77611005,0.8113473,11.658953,1.5224535,24.201408,-0.5790762,0.0
29,1,1011.4528254600831,170.0293932987285,1032.3506076901476,208.37197731773512,0.17429034411907196,1.7712457,0.68167543,0.58320796,19.239365,1.6407621,33.674603,-0.007373025,0.0
30,1,825.7533439392108,168.32886025495722,871.05361597016,231.84204134908288,44.61159390974295,1.6555808,0.740355,0.90831065,6.4056053,1.5376251,19.359043,-0.5395696,0.0
30,1,1071.5960662758732,163.29981493664823,1096.073994310747,223.6507745224263,2.798999311080177,1.8112469,0.5808346,0.35935313,14.421082,1.5245075,21.94691,-0.0099691395,0.0
31,1,831.2093748853727,169.5527521827997,879.3018453554103,232.7643875217887,49.89278908437333,1.621901,0.80157554,0.9581961,6.5092363,1.5371966,19.119705,-0.63127404,0.0
31,1,1078.8317008850925,163.07938270756094,1108.620223802458,224.71856264833158,22.001137327196908,1.8086026,0.66206855,0.39118138,14.440559,1.5217979,21.529377,-0.16154745,0.0
31,1,947.7292513122067,171.69837218179177,977.1235885138275,222.5793852049621,3.8156654087998185,1.6050642,0.6594209,0.83869034,11.393983,1.5686092,23.294056,2.2850394,0.0
32,1,1085.455682955766,163.3623406895313,1113.6667790377057,226.5852014707673,16.37070638924498,1.8255397,0.5987731,0.39075783,14.358895,1.551471,21.15177,-0.10124481,0.0
32,1,840.812664549077,169.87543017438082,883.7327239789463,233.1677519339409,34.49263680998243,1.6052803,0.68136084,0.8848619,6.5979714,1.5297348,18.838749,-0.6463081,0.0
32,1,949.4629022534616,173.7816447700888,980.7223531336938,224.0090257237788,3.636489530296214,1.553587,0.6593745,0.92661524,11.288105,1.5837584,22.903355,2.3090367,0.0
33,1,1093.4311991712739,162.59671208793162,1122.2764828816735,226.55663200973237,10.155904468982284,1.8166587,0.61909515,0.38778213,14.367385,1.52532,20.812847,-0.05057377,0.0
33,1,847.7000815292462,167.72786367346603,892.8432728701694,233.5103899110421,34.7631951316821,1.6452385,0.70347536,0.8825835,6.712286,1.5170324,18.581356,-0.5769042,0.0
33,1,950.4036011837918,174.62026140664568,986.0638761580416,225.9686530707892,6.6989746395924685,1.5553732,0.6783391,0.8313841,11.138133,1.6114916,22.4082,-0.6148386,0.0
34,1,1098.973480409306,162.44334823902096,1129.8143842357263,227.0762270700253,13.886625532295662,1.8083282,0.64856434,0.39601177,14.355417,1.5170541,20.526937,-0.08208993,0.0
34,1,852.8690254486295,169.3435452390953,902.0638335497512,235.6416655334794,39.8163595028372,1.6290485,0.76246995,0.92224514,6.7901225,1.542791,18.295177,-0.5491374,0.0
34,1,1058.8408461800573,175.01199157227143,1093.3421451551017,224.25091187131565,1.881477043050188,1.58807,0.62953943,0.7165325,15.347281,1.6603911,23.745253,1.2682502,0.0
35,1,861.3900615630521,169.2453288769419,910.1083254319387,237.71882379979422,54.94515612070813,1.661839,0.722186,0.89894265,6.900891,1.5742571,18.03851,-0.47604555,0.0
35,1,1107.5085400907217,163.77501666722182,1138.9044639889657,229.31161588091345,13.096924772999326,1.8003558,0.66532844,0.36422494,14.353388,1.550947,20.17218,-0.111200586,0.0
35,1,953.7629225745359,172.46211681874883,994.2067423317501,229.08942060155053,12.28849963616621,1.6416539,0.7528615,0.92406774,10.857871,1.6302929,21.498583,-0.6613817,0.0
36,1,1115.047293870733,165.4869579701996,1148.8013584501205,232.80750325250193,16.20951683244998,1.8135152,0.6896755,0.3996118,14.323702,1.615058,19.795824,-0.07403889,0.0
36,1,871.3627753564166,170.55741001320442,919.7569943032402,238.64742874224254,48.152158536961366,1.619548,0.72128046,0.90581626,7.0205564,1.5649226,17.715399,-0.59975934,0.0
36,1,961.1363874753977,175.221599040111,997.2000464761211,232.13070627263596,0.5450352695139818,1.6124101,0.75613004,0.860627,10.791965,1.6834066,21.063812,2.2811394,0.0
37,1,882.4880159156492,170.71739321454888,929.278987181065,239.50483444655035,44.06957713575412,1.6071367,0.6677601,0.86890846,7.1343584,1.5572174,17.375154,-0.5795271,0.0
37,1,1117.5500173504477,164.14172932888397,1165.0160887437498,232.4232606569532,20.282332963772657,1.7989515,0.737537,0.7188897,14.316427,1.5694171,19.440187,-0.19166699,0.0
37,1,962.5394773439359,174.06696334310627,1004.3606109410114,234.01207100641787,11.294983545791366,1.6626925,0.7447184,0.8316452,10.658457,1.6981838,20.573622,-0.5748156,0.0
38,1,1135.399609377062,164.67856160485036,1172.0767943891592,233.93138607117487,22.363325254280554,1.7867895,0.6711372,0.4231543,14.302736,1.5758553,18.974669,-0.11892384,0.0
38,1,894.1751685347067,169.49857270095066,940.8567146353915,243.29717405872682,27.4230717815246,1.695034,0.63452375,0.8304218,7.292412,1.6179652,17.092766,0.8238495,0.0
38,1,964.8172240235015,175.24238914161012,1005.7578573393012,236.03521637080723,10.403355701412014,1.642122,0.8517302,0.93835086,10.507106,1.710987,20.171991,2.24295,0.0
38,1,1053.9671884414556,171.17969447349404,1067.9931290206225,213.77448170314435,0.33858727203391736,1.7848952,0.48088098,0.23970358,19.076063,1.7147348,30.493938,-0.1875027,0.0
39,1,901.6266547637963,169.8396739690539,955.394490336615,243.12348652495658,48.60523898341024,1.6455855,0.7598829,0.9061761,7.405936,1.5778989,16.761532,-0.54311174,0.0
39,1,966.3086227154664,175.56271501164602,1011.734646884833,236.09490629480976,3.477498043739126,1.6002569,0.8058901,0.8723005,10.370047,1.6765229,19.721756,0.84113973,0.0
40,1,914.3944255343109,170.13387116124696,964.7175850372874,244.4431902898634,51.98416338793574,1.6394724,0.6719331,0.8541317,7.509006,1.5794586,16.424225,-0.5265171,0.0
40,1,1146.2779660309382,161.3279011867845,1190.793251374383,233.49946568317003,10.161954590775528,1.7956499,0.7682509,0.6359337,14.239845,1.508877,18.398867,0.23133181,0.0
40,1,970.7388293333418,174.9360260598077,1017.0893066321726,237.0351963556074,21.964214450674326,1.6064451,0.7592799,0.8915186,10.260419,1.6636608,19.26583,-0.58478856,0.0
41,1,922.9844787642913,169.72487607344516,979.6579239233365,244.8399350501546,53.83933462818511,1.6239018,0.7506931,0.8972556,7.6367183,1.5562537,16.13425,-0.45970693,0.0
41,1,1163.0902853533146,163.6417999422896,1206.4517037741634,237.1374146004856,33.402652941593225,1.7884676,0.6607853,0.5240621,14.286287,1.5642947,17.930958,-0.18426543,0.0
41,1,975.4191257291008,175.26148392722706,1025.072245168528,238.9600238746547,38.26828249669764,1.6000271,0.80587816,0.9460654,10.163507,1.6646814,18.773548,-0.62669873,0.0
42,1,1172.230302470457,163.89155558830896,1222.8395447299743,236.45023940016864,37.1224146494425,1.7248548,0.7204888,0.62848115,14.283783,1.5118008,17.542484,-0.10135547,0.0
42,1,939.4782564893131,170.19451370987227,990.007851793422,246.3820878376228,50.48175371204105,1.6154985,0.63094056,0.86378604,7.774081,1.5591061,15.795506,-0.5557734,0.0
42,1,1068.1819985646405,172.8862920932358,1095.7089672512325,218.31799659596913,7.1273106571613365,1.795242,0.72933894,0.57349145,18.956486,1.796558,28.96115,-0.4106245,0.0
42,1,982.4115798199642,174.33038194689843,1030.7699453627301,237.75016055441296,16.60415020181494,1.5534616,0.77196825,0.91170526,10.060345,1.5920691,18.284767,-0.6534685,0.0
43,1,1182.4874000027612,163.19387781125445,1241.003571117707,236.71844915914792,40.63822554464675,1.705983,0.67700464,0.8259893,14.264038,1.4818401,17.106245,-0.06465799,0.0
43,1,953.2260561048698,167.73006021779386,1005.7471124249892,247.43358151541253,41.8034328463138,1.6518952,0.6395437,0.8540643,7.9161296,1.5456989,15.444778,-0.5240911,0.0
43,1,1070.1902575082836,172.3541451528275,1107.1979494824457,218.87720479008203,12.022055125224435,1.8090998,0.8122882,0.93995166,18.977438,1.7896622,28.587872,-0.30980664,0.0
43,1,989.2633960662768,175.97494427259957,1043.310918353729,243.07410498351294,18.08043620255601,1.5874858,0.8271489,0.91840094,9.9874,1.6667341,17.72396,-0.5803441,0.0
44,1,1198.8432554959813,162.84742508254945,1242.0,239.28363435538378,32.35538107201657,1.7248698,0.66309935,0.70119524,14.231925,1.49906,16.666258,-0.16262479,0.0
44,1,963.1233296103892,167.92944028636614,1025.8682458692633,249.55737358395132,45.869128275334724,1.6379893,0.79376733,0.93814385,8.032728,1.5391704,15.063969,-0.5588494,0.0
44,1,994.2309443448147,174.6854303755835,1052.5726931226707,244.2884880687557,25.6289027906803,1.5970578,0.8100978,1.0004148,9.8796,1.642431,17.232817,0.8502101,0.0
44,1,1079.841359790537,171.09589263664753,1110.1971588766944,219.21980709854952,9.66323701454773,1.839914,0.7821594,0.80787647,18.937284,1.7726964,28.147913,0.8535694,0.0
45,1,985.1416208230219,166.98702573506367,1040.2038385621627,250.3907138278551,43.41870045385567,1.6324071,0.6316355,0.8796195,8.169271,1.5175765,14.624415,-0.56500846,0.0
45,1,1009.7407539359949,172.75679665426614,1054.8221416978413,244.1933993345156,39.31990737700276,1.6011689,0.57699835,0.84294605,9.749735,1.5989901,16.642525,-0.56881016,0.0
46,1,999.6041537696588,165.7818644780659,1059.745938152251,252.56321679982986,54.914084675572084,1.6509423,0.6738744,0.92558575,8.30002,1.5164008,14.257912,-0.55982065,0.0
46,1,1011.6539990541314,172.8846486246286,1073.016529976758,249.4432545879867,4.809874236205801,1.6645458,0.7915028,0.8798387,9.650782,1.6652484,16.115726,-0.0750695,0.0
47,1,1023.2439169964932,167.2104878306025,1080.128245427676,258.1904840328181,33.05113711659839,1.6800377,0.6409701,0.7968291,8.473782,1.5758245,13.832914,0.7979398,0.0
47,1,1106.8753007380926,168.68088369983164,1130.866178007346,219.23533035092282,16.05622168201452,1.8405735,0.7192237,0.71914494,18.893318,1.6886396,26.77073,2.185742,0.0
48,1,1038.9851884151822,161.2591628672877,1103.727904464079,257.5157600753705,37.537352073043074,1.7190228,0.7509334,0.8652394,8.610947,1.5119534,13.457872,0.8057966,0.0
48,1,1117.328421597144,167.85757667883018,1140.2220082991325,218.3691953563667,13.522735740181485,1.8135549,0.59424955,0.32210985,18.881346,1.6341646,26.243238,-0.43637252,0.0
49,1,1062.0499806286286,163.0114724134566,1133.7134207579431,260.4469084096322,51.41537006530752,1.6696734,0.7976866,0.9208611,8.766489,1.5010098,12.957212,-0.624654,0.0
49,1,1130.7367591812883,167.69450378002566,1149.3725953556734,218.10010815752352,5.675510776172677,1.7782788,0.49677604,0.24130803,18.911102,1.5962548,25.725128,-0.23610036,0.0
49,1,1051.2049218954078,170.27271441680165,1091.5929037662368,252.6328585837065,0.5819985080266841,1.5908017,0.61955404,0.8761832,9.268436,1.5409436,14.472984,2.2137814,0.0
50,1,1089.6644088959354,161.90520804873066,1159.6971114312732,265.36475547434554,53.040107400610005,1.7163858,0.65722907,0.88260424,8.895674,1.5347462,12.466156,-0.48266846,0.0
50,1,1139.3720020248036,167.46604327936143,1164.6793512412555,219.4718053108268,2.806297493114365,1.7912953,0.62572587,0.33841205,18.943499,1.6057115,25.202583,-0.31381422,0.0
51,1,1114.358263368959,162.10206002327547,1179.9059590385314,264.73746924580394,33.40371236411641,1.6399311,0.65512574,0.8694346,8.978224,1.4681342,12.05095,-0.63813806,0.0
51,1,1075.5505864577326,169.03948790801473,1140.246430507614,259.6637889142042,8.371986140665122,1.5823132,0.70861524,0.8841976,9.075577,1.5157112,13.142616,-0.6150215,0.0
52,1,1145.5824161512849,160.7465974321087,1218.6924819179244,270.4545161007201,27.719169013742913,1.6783091,0.6982026,0.8291298,9.169607,1.4930903,11.558905,-0.5907188,0.0
52,1,1098.2746850455924,169.62594924178373,1162.019648668601,264.64755889603396,43.4475812523977,1.5826873,0.6671972,0.7825758,9.025755,1.5289205,12.513298,-0.59296936,0.0
53,1,1177.6356963507128,161.439005440916,1242.0,276.7309865671875,39.77058634406116,1.688143,0.6455234,0.871022,9.278845,1.5210009,11.077461,-0.600986,0.0
53,1,1125.8553463292963,169.45715613937577,1189.1047611158851,268.22228450172133,18.211232892903435,1.5465269,0.6060182,0.8244685,8.948704,1.4933369,11.784612,-0.6211442,0.0
53,1,1181.1086609996964,170.63277654898678,1199.9553935130668,225.46735850006448,0.17248357832431793,1.7693704,0.44058847,0.22845596,18.9327,1.6976972,23.51669,-0.14551489,0.0
54,1,1191.4406993802786,167.63242650464503,1226.4730235563661,226.43214913113687,19.99855847055691,1.8264941,0.676872,0.5991354,18.980309,1.6642964,22.852577,-0.48880523,0.0
54,1,1147.0463230016871,163.24158885877114,1228.3161201732291,274.40210903288005,14.434629353170752,1.6153121,0.7434965,0.8420866,8.830073,1.4756308,11.026289,-0.57784384,0.0
55,1,1184.395769453351,163.11160143402452,1242.0,275.1740792130797,35.52219532699155,1.5302645,0.60446787,0.8285036,8.75859,1.3972275,10.336984,-0.60415184,0.0
64,1,554.5234491403594,173.62001007049733,563.4573648425816,195.79764988565526,0.40147222506755925,1.7263043,0.7499405,0.54522336,-3.9651673,1.7868366,56.605595,0.15562956,0.0
68,1,552.7534598636006,173.86900643898235,561.3634545528834,197.57910369306268,4.889525261149814,1.7399824,0.7218696,0.5900176,-3.8793592,1.8155355,53.345192,-0.008775891,0.0
88,1,890.1221488127626,168.6894666088471,918.5273216969204,235.55990543767464,0.3352831353432735,1.7096311,0.52757037,0.43332866,7.6504254,1.6031592,18.733122,1.2648327,0.0
89,1,526.0040796725714,175.74750294211654,538.5603401638259,212.5224221580764,0.8152372221428358,1.7357683,0.5565425,0.81716275,-3.7060504,1.8762116,34.57425,1.4121289,0.0
91,1,775.7148182342379,171.61118891390697,792.5041704658101,194.4304153344972,0.17297828197479248,1.8790256,0.6080992,1.219233,14.48971,1.7766873,59.90036,-0.33187902,0.0
92,1,521.7355518620359,177.0417781284398,534.2051436744267,216.7672200863024,2.8257658709554963,1.7176588,0.5316185,0.79108506,-3.5892506,1.9042032,31.714424,1.4416745,0.0
94,1,835.3982774185763,156.595415766735,857.053565155635,212.78467012414347,20.253889348428995,1.8568065,0.6718744,0.6207111,7.956793,1.319532,24.250204,1.9200308,0.0
94,1,786.6292630553337,173.1540950965141,805.152378858272,197.11401101163253,0.5768489003806636,1.8655999,0.6220583,1.2637744,14.612698,1.8893064,56.595703,-0.15390012,0.0
96,1,855.0077624696366,155.39733057686283,881.7329457903156,216.89482271993205,0.9286647290008987,1.8567858,0.68073195,0.7170614,7.9879766,1.3297187,22.261513,2.0584493,0.0
98,1,1181.3874456547367,171.76493490303022,1242.0,305.89360993651286,0.5335847955913775,1.6004374,0.6166312,0.7361772,7.7122726,1.5874425,8.971322,0.1563091,0.0
100,1,495.9436061990592,183.32615354540408,515.4160374988904,237.98195923687837,2.0054658082775165,1.7501994,0.59620696,0.89507127,-3.4302614,2.1026716,23.790287,1.3832496,0.0
103,1,482.751756308907,180.83152762436129,501.6761744786445,242.37929696848522,1.7469722330369593,1.7296549,0.5191009,0.48917395,-3.3595638,1.9610839,20.642075,1.3778055,0.0
104,1,474.84977282125874,179.0457727160182,496.60446305918504,244.46640534008785,7.562334995537501,1.7361994,0.5702018,0.80931073,-3.383601,1.9089935,19.685125,1.3824704,0.0
106,1,459.5069697432825,175.10626138088494,484.19473374414696,249.96624683459322,0.16782023012638092,1.7690102,0.5543552,0.84011704,-3.3386424,1.8251655,17.534035,1.4244037,0.0
107,1,449.9583767553186,181.81718463959535,477.8628487919284,260.4733602778153,2.444986486830999,1.7392546,0.5781857,0.69610584,-3.3277354,1.9488516,16.46061,1.3038325,0.0
110,1,412.15740320393616,178.24512668533598,441.59020382736776,272.48328361092274,16.86022876334621,1.6851838,0.4954048,0.51786864,-3.3457317,1.7863517,13.238643,1.3786036,0.0
113,1,345.1827785912852,183.4545869180879,389.1015442675136,305.3130332769439,0.17766068875789642,1.6297346,0.47835958,0.52703375,-3.3475316,1.7807593,9.989935,1.4535329,0.0
114,1,313.0910411888427,184.9406566548572,364.10627499037173,321.7792416676208,2.0105102620576987,1.6120138,0.5161523,0.56335706,-3.326813,1.7664888,8.890141,1.3489386,0.0
115,1,941.3177760341456,172.73728104560976,961.1838877352985,212.10633858590708,1.249372245644939,1.7000216,0.671922,0.78251684,14.999445,1.6949813,31.669952,2.1731603,0.0
121,1,1068.3531286765278,150.7365631785373,1089.2455623708022,190.30412156891254,1.809545914573519,1.6634722,0.5333915,0.8472883,20.034485,0.7336259,30.817236,1.865485,0.0
124,1,1116.5646431118444,135.21060951378695,1144.0797867094273,184.25226237136698,2.870840282260745,1.8590764,0.6926074,0.5834429,20.00061,0.43208644,27.721397,0.08288309,0.0
125,1,1143.0285513009926,172.1237229378953,1190.0253500962067,237.11091580207278,25.648804044692188,1.6994685,0.6902046,0.8636799,14.929698,1.680371,19.361855,1.775801,0.0
126,1,1176.5769069159921,174.25720969687336,1230.255051733236,248.01368461244175,19.648520835000433,1.8045955,0.7089546,0.87588704,14.934922,1.8408923,18.16838,1.7558781,0.0
130,1,739.7468355894869,172.8780504718127,779.5952501497778,248.26089518392513,6.472796828930141,1.6428828,0.58740604,0.8546925,3.3404295,1.6434314,16.093285,0.18680711,0.0
146,1,323.8757101654897,149.0165659637908,338.9429247545904,171.29774780505014,0.3706856010350793,1.8881998,0.48548308,1.1569309,-23.782093,-0.13410014,61.69348,-0.4746669,0.0
151,1,307.4703493590774,148.58022878962504,315.7602708678067,171.35436239956232,0.3365620903995974,1.7873981,0.7246876,0.6006347,-23.595612,-0.11969426,57.139008,-0.4001224,0.0
194,1,61.95866772192148,138.83375278862425,112.61875807520019,215.27990547108817,2.328005146880858,1.817167,0.74983764,0.77072394,-12.726231,1.008487,17.603737,-0.22823943,0.0
195,1,63.998338523460944,139.47723777519604,91.75514722312435,217.99752999079593,3.9543703054845114,1.8473697,0.5360754,0.43864337,-12.749861,1.0621048,17.311386,-0.4356905,0.0
198,1,794.5699176184287,169.1863979509842,817.2873455224392,229.3325140928537,12.436868249040813,1.6618106,0.5008068,0.62180567,5.5092225,1.5604763,20.261906,1.6341697,0.0
198,1,0.0,165.50670330802544,18.830948708467044,206.06025152965262,0.3428789682860393,1.7285132,0.6043798,0.6842896,-26.092045,1.4153494,31.149776,1.7722231,0.0
217,1,106.23846040309354,151.46848633560774,152.18126422316254,222.09844413191874,0.19439810514450073,1.8080864,0.7330707,0.8524786,-12.606216,1.2606294,18.959276,-0.34224454,0.0
221,1,323.7716088221071,174.7082823315753,361.590018046136,272.2272522265775,1.51278820965146,1.6811249,0.4854506,0.55056816,-4.7038136,1.7146003,12.73774,1.5157393,0.0
222,1,838.974441360574,179.4998332848043,867.6906236944322,251.3741781031334,0.1693541407585144,1.6021986,0.56734663,0.65265775,5.580048,1.7580652,16.538828,1.8068032,0.0
230,1,866.3556830450456,168.9974397175818,904.8726749946993,252.85353605808712,26.79721628173936,1.6655015,0.52822626,0.6862143,5.606331,1.5889046,14.67774,1.5855781,0.0
231,1,866.4469436055123,169.79452816405322,905.1114806477755,252.2398695212386,30.827415346036407,1.6370857,0.52780426,0.6681726,5.604229,1.5763348,14.662586,1.5662329,0.0
232,1,864.1919076686803,165.68119536091945,907.2179372023564,252.96817692396363,3.9612291220776035,1.7229487,0.5844086,0.76293766,5.5862303,1.5813653,14.626093,1.5785906,0.0
233,1,865.9914412839844,164.56293537778086,907.608979521669,253.34905039162473,23.617430966183417,1.7434002,0.53481317,0.7902073,5.584609,1.5805972,14.563914,1.5680685,0.0
245,1,70.72111693385997,141.01248363689865,118.21096005383313,216.50569217879777,2.3565146005802924,1.8009822,0.65235806,0.79939663,-12.589572,1.0413641,17.655754,-0.34672984,0.0
247,1,69.57466184681819,143.4707882451131,115.0177056860071,218.88638795498946,0.5627978867724299,1.7912574,0.68712425,0.78722566,-12.613058,1.0933527,17.615099,-0.43419808,0.0
248,1,868.5428364364726,168.62868273072658,909.3187231953603,256.7671025755786,5.651916331656963,1.7161703,0.5492143,0.7082006,5.5686016,1.6338978,14.408331,1.5890284,0.0
249,1,71.50654318394085,142.09223804639015,112.55609949209604,216.9126835960085,2.216458136475741,1.7732663,0.6992579,0.72761756,-12.596119,1.0442035,17.580545,-0.49118283,0.0
249,1,869.3095567353266,166.1155186149648,910.9314943184164,258.05168004511836,0.17872241139411926,1.7803456,0.5807496,0.7683062,5.579852,1.6498547,14.380317,1.656991,0.0
250,1,869.4269372153678,168.19100629976813,909.3350270049516,256.07716847012256,0.5171144151881168,1.7075764,0.5942376,0.6286904,5.5600586,1.6169771,14.361371,1.6703451,0.0
251,1,869.2444890900085,167.61670554075457,911.6199418622921,257.85224440643384,0.1724066585302353,1.7497773,0.5662605,0.7223451,5.5773344,1.6482197,14.35511,1.5794619,0.0
252,1,869.1848749511851,169.1316198935779,912.2812724843848,259.6204054245281,0.20050804316997528,1.7497851,0.5581128,0.74939895,5.573167,1.6778052,14.330135,1.5598443,0.0
253,1,870.2303171400338,168.2878561749217,912.9231890061999,258.19032656587444,4.3727563331867945,1.7337401,0.54385245,0.75142914,5.5761037,1.6456834,14.294501,1.5553136,0.0
257,1,874.2787177074264,172.19895365934923,917.5503444751555,263.43873877881947,0.7404910601906523,1.7310448,0.5474645,0.75869215,5.5729046,1.7186168,14.071053,1.579427,0.0
258,1,874.6633909553659,166.6753473274045,919.367077559037,262.14415815332967,0.3526286171180545,1.7961211,0.5801511,0.7888203,5.5580173,1.6798778,13.982801,1.6193004,0.0
259,1,878.2282173172418,174.3879046106863,921.8362820622308,264.27663754330433,3.0065545147176262,1.687729,0.5519379,0.66270524,5.587965,1.7180216,13.904334,1.5192243,0.0
261,1,746.6410999837062,164.83191862082498,757.5618618819371,186.2437413343414,0.1715027242898941,1.7721916,0.6745504,0.6150269,11.882279,1.108228,60.154064,-0.42863435,0.0
269,1,924.7305133429966,170.51285732381092,973.0638267806733,280.3554106356536,0.5207400408693317,1.7449782,0.54374254,0.6383579,5.543586,1.7077863,11.8123,1.6925,0.0
277,1,5.401377411516352,182.4918104513163,61.024339955400805,271.8287015874699,1.6251074126095553,1.8144001,0.6305921,0.8817638,-12.1819935,2.0252662,15.275501,1.2896023,0.0
286,1,804.451884480267,174.5704728756219,812.8156172059007,197.40341631430906,0.18811243772506714,1.7715855,0.72222036,0.5841412,15.574521,1.9068748,56.457928,0.20267493,0.0
294,1,187.5556560000916,156.89026405706247,210.91823717249423,214.42491017995656,0.3394244956820822,1.7542226,0.5339263,0.6069041,-12.718352,1.2674906,22.375484,1.2254493,0.0
297,1,140.06486189212376,154.81148265914265,168.48238084055583,219.96808310762142,0.3859317900892661,1.7911091,0.60976005,0.5979601,-12.760989,1.2951329,20.236176,1.122292,0.0
298,1,129.27749221159027,154.27499880109178,152.04895318733483,219.14340877574315,0.19696582853794098,1.725538,0.5115161,0.4511512,-12.680545,1.2313255,19.520784,1.0058024,0.0
301,1,68.70485398036249,152.38208884018792,95.07784962349466,224.15583814591457,6.221986268066348,1.6924794,0.506217,0.42284995,-12.670314,1.2097361,17.33347,0.95170534,0.0
302,1,46.710460742489765,148.0138301489364,76.63511961650707,222.73244290873384,5.978190185541078,1.6927915,0.49563804,0.40146896,-12.630593,1.1300236,16.641884,1.0701671,0.0
303,1,865.310038861554,169.34719618673094,879.7577805163484,199.04419311797267,3.229690557421654,1.7268014,0.6945123,0.70582426,15.437479,1.5228899,42.367985,1.7620426,0.0
303,1,16.99725957688733,150.75347248791496,52.27018978310327,229.34473804855367,1.7620063537141866,1.6964165,0.49786142,0.3960058,-12.657922,1.2193698,15.889368,0.5273469,0.0
305,1,394.80782735436594,183.07671350444892,435.940434154011,268.5353602017799,12.395127586070691,1.497161,0.5784909,0.49613568,-3.486787,1.6849225,12.979315,1.6614457,0.0
306,1,883.6919027761959,170.2386646568404,901.0053011145374,200.68466444019754,6.7160285110948434,1.6583723,0.6474465,0.8316305,15.565383,1.5159166,39.72818,1.6046228,0.0
307,1,891.6853379892793,168.8983619030121,908.4911573134848,200.61758035091592,7.745680051878226,1.6857753,0.7673847,0.6459739,15.601969,1.4755455,38.75991,1.8367684,0.0
307,1,364.6830106226957,179.93663951734368,416.6449751871166,280.8647605286462,0.599600304356909,1.5464201,0.5726426,0.6147319,-3.4670188,1.66236,11.45812,1.7485843,0.0
308,1,901.3889616706061,166.77540122121212,917.648994554971,200.74381639951423,5.002518279211983,1.7617419,0.72026944,0.60951483,15.715465,1.4464805,37.813362,1.8471065,0.0
308,1,354.3715487238491,183.9970701543864,404.4161412705961,288.65840690831794,5.243090716081926,1.5043764,0.607635,0.54150367,-3.4133105,1.6747285,10.732665,1.4770496,0.0
309,1,908.4355931679273,167.12116205192456,928.7124253561791,201.60661621851543,3.3718055024635625,1.7421799,0.82114387,0.6851241,15.781497,1.4525609,36.862694,1.752564,0.0
309,1,333.1943550340696,184.16861774050392,390.72774278615566,299.73805964493295,2.6317755677668493,1.540465,0.59529805,0.59797543,-3.4124022,1.7016983,9.979389,1.5588331,0.0
310,1,918.445463907534,166.00545458014693,938.8004429245683,201.58597647387367,3.0924490595820857,1.7531871,0.713531,0.6943561,15.873062,1.4157331,35.906998,1.5903912,0.0
311,1,929.8531441772615,166.03918531400208,945.4018493343069,204.01042769031864,3.0926421217647104,1.8187569,0.66905516,0.7004589,15.9254465,1.4923389,35.021683,2.0235004,0.0
312,1,940.6684339622551,167.86819270888853,958.4237596501598,207.22803177063153,8.144736450046134,1.8368458,0.6802442,0.6958812,16.0671,1.6041678,34.109856,1.8900956,0.0
312,1,262.1408337285534,180.88088212274073,332.6003997253984,329.02823186645986,0.3530002848384675,1.4963527,0.64325523,0.65921193,-3.3322253,1.5871739,7.748408,1.2433624,0.0
313,1,953.2694874856378,166.05982067215172,973.3548288125186,205.87740633493235,3.4845375849873803,1.8028051,0.6926963,0.651852,16.204102,1.4951875,33.062126,1.7896531,0.0
314,1,966.9108862820501,168.55851402243792,987.6083447646685,208.00266832044932,9.701374456182148,1.7335024,0.668663,0.7025273,16.366005,1.544723,32.126705,1.793251,0.0
315,1,981.2597713775663,166.51764867918044,1004.0349258179612,207.62644470559988,12.1098781856783,1.7496784,0.68617165,0.70621204,16.515785,1.4799895,31.119272,1.751739,0.0
317,1,1014.8432120566279,161.1151591771442,1035.3111769870811,206.6121636349243,27.84644309717129,1.8139511,0.5699532,0.59715873,16.766922,1.3459271,29.12418,1.8056631,0.0
318,1,1030.5865004531272,160.7505968535599,1054.7845274838444,207.09864069957877,23.259922078621653,1.7845173,0.6065552,0.64219296,16.886602,1.3185054,28.14117,1.7102578,0.0
319,1,1050.2873752904784,161.59840924464473,1076.1520333918704,208.95941401751554,15.920673366633205,1.7543217,0.7172558,0.61771137,17.05874,1.3373978,27.143461,1.9363085,0.0
320,1,1070.385328215733,160.32565000114064,1099.5880680519401,210.886980140368,19.575151422651327,1.8028536,0.7106169,0.62177026,17.196836,1.356133,26.110737,1.7983775,0.0
321,1,1089.2762520229644,160.0130662553834,1123.0192120781533,208.8177865000664,25.446144615635077,1.6737566,0.70918775,0.74709976,17.308598,1.233377,25.163422,1.7072209,0.0
322,1,1117.003142190438,159.95319923534166,1144.353919094101,212.00228315791318,28.18563173494411,1.7204973,0.5711633,0.6091206,17.486874,1.2940575,24.221937,1.8491254,0.0
322,1,964.7683730333105,157.96872076027796,985.150766421116,181.2718380615352,1.603708977448548,1.8635752,0.6596456,1.3221062,29.426044,0.6731832,58.11294,-0.12684305,0.0
323,1,1139.9676609262185,161.07929753320025,1172.8528965402008,213.7700105113027,12.493297010436981,1.6586266,0.6847359,0.79721344,17.58498,1.287976,23.21752,1.9975392,0.0
324,1,1164.9870788443382,162.4473488763522,1199.008508940558,216.3331985646583,28.166964592642255,1.6381234,0.5790675,0.6590582,17.689959,1.3217623,22.308659,1.7418218,0.0
325,1,1192.3628610789046,160.84815977808051,1232.2351434228383,218.28930286711656,28.576427922652766,1.6625026,0.7493846,0.62736344,17.794106,1.3150209,21.315565,1.9595819,0.0
337,1,945.5634271777843,169.8373619147526,959.2780883712015,194.3034299522265,1.8998801097585205,1.7725838,0.708412,0.5936664,25.033188,1.554026,52.68691,-0.22258095,0.0
345,1,7.537764725885008,118.70420212918235,84.46898965839046,251.19380005477117,3.190552592199341,1.7626117,0.5747593,0.605152,-7.73876,1.042215,9.924812,0.13556866,0.0
348,1,0.0,197.1435083201243,58.739820613726216,329.46018387574026,1.071978234894613,1.8265495,0.62954193,0.72164977,-8.555372,2.1889534,10.425363,-0.07259442,0.0
352,1,0.0,108.83784057580134,84.91360944013356,252.24703551665434,0.7553798832320466,1.7856079,0.57205033,0.7112412,-7.340873,0.98853374,9.325233,0.16735476,0.0
359,1,868.6921400047484,171.43488590484824,888.9737507896325,201.99300101300076,5.602713819361837,1.8548299,0.656446,1.1589054,16.537153,1.7686917,44.310684,0.36744228,0.0
360,1,864.2849018349996,171.01665178081063,882.3544125196452,201.20608769280807,12.180509721892658,1.8229293,0.4869046,0.9857688,16.086983,1.7119844,44.007366,0.46535403,0.0
361,1,859.6107908100753,170.9905250342559,881.1418054027704,202.30757071862536,10.82857317234773,1.8756157,0.60563445,1.2187073,15.799337,1.7640097,43.70954,0.3550735,0.0
362,1,858.223852520623,173.60389297589987,874.8224671282431,202.3025883505858,1.5720977534190903,1.7124705,0.64118916,0.8420081,15.498525,1.758183,43.531258,1.4633961,0.0
363,1,857.8514345262856,175.77881237128793,874.7839509789399,203.52379566018737,3.8382036016617613,1.6411996,0.4871883,0.8970996,15.370263,1.8179986,43.19291,0.4781227,0.0
364,1,856.8613069963521,174.97239678478275,870.6277822339617,205.18598119120048,1.683685687569131,1.773179,0.7459407,0.7847623,15.121206,1.9006535,42.91729,1.9436692,0.0
365,1,853.8184709516898,175.185967172155,871.4139724839058,203.4676161686487,2.452206768981794,1.65224,0.5776746,0.9517833,14.968217,1.7916157,42.67572,0.39221627,0.0
368,1,849.5884225355588,170.68175684432774,869.3598236206053,202.94866705713278,2.9888969958202094,1.8532004,0.694717,1.0774885,14.521091,1.7284408,41.941193,0.32395336,0.0
372,1,851.0198654492561,176.34214826410272,864.8612247428479,206.59404122755524,0.6946958348807015,1.6975261,0.6492741,0.7351072,14.1126795,1.897821,41.008575,1.7649399,0.0
